date,code,open,high,low,close,volume,turn,peTTM,psTTM,pcfNcfTTM,pbMRQ
2020-09-28,sh.605111,7.30723758,7.30723758,7.30723758,7.30723758,139427.0,0.5511,24.986945,3.502115,1088.153976,4.627748
2020-09-29,sh.605111,8.03872596,8.03872596,8.03872596,8.03872596,48864.0,0.1931,27.488254,3.852694,1197.083237,5.091007
2020-09-30,sh.605111,8.84157906,8.84157906,8.84157906,8.84157906,76906.0,0.304,30.233594,4.237474,1316.639743,5.599462
2020-10-09,sh.605111,9.72599184,9.72599184,9.72599184,9.72599184,183743.0,0.7263,33.257824,4.661344,1448.341671,6.159569
2020-10-12,sh.605111,10.69961052,10.69961052,10.69961052,10.69961052,115637.0,0.4571,36.587093,5.127967,1593.327656,6.776172
2020-10-13,sh.605111,11.77008132,11.77008132,11.77008132,11.77008132,61821.0,0.2444,40.247545,5.641008,1752.736331,7.454112
2020-10-14,sh.605111,12.9475992,12.9475992,12.9475992,12.9475992,73121.0,0.289,44.274043,6.205353,1928.085873,8.199846
2020-10-15,sh.605111,14.24235912,14.24235912,14.24235912,14.24235912,95833.0,0.3788,48.701447,6.825888,2120.89446,9.019831
2020-10-16,sh.605111,15.66710478,15.66710478,15.66710478,15.66710478,497128.0,1.9649,53.573335,7.508721,2333.059815,9.922137
2020-10-19,sh.605111,17.23457988,17.23457988,17.23457988,17.23457988,71219.0,0.2815,58.933283,8.25996,2566.47966,10.914835
2020-10-20,sh.605111,18.95752812,18.95752812,18.95752812,18.95752812,64215.0,0.2538,64.824869,9.085712,2823.051717,12.005995
2020-10-21,sh.605111,20.85379068,20.85379068,20.85379068,20.85379068,55514.0,0.2194,71.309099,9.994527,3105.432798,13.206918
2020-10-22,sh.605111,22.93866,22.93866,22.93866,22.93866,67967.0,0.2686,78.438265,10.993735,3415.900168,14.527286
2020-10-23,sh.605111,25.232526,25.232526,25.232526,25.232526,119316.0,0.4716,86.282092,12.093109,3757.490185,15.980015
2020-10-26,sh.605111,27.7557786,27.7557786,27.7557786,27.7557786,250774.0,0.9912,94.910301,13.30242,4133.239204,17.578017
2020-10-27,sh.605111,30.53135646,30.53135646,30.53135646,30.53135646,2498487.0,9.8754,104.401331,14.632662,4546.563124,19.335818
2020-10-28,sh.605111,31.91532228,33.58474698,28.800762,33.32987298,19215494.0,75.9506,96.925248,14.763408,24.009925,11.799624
2020-10-29,sh.605111,32.5091787,33.3375192,31.23990618,32.8277712,9373403.0,37.049,95.465107,14.541003,23.648225,11.621867
2020-10-30,sh.605111,33.39868896,33.51338226,31.30362468,31.85415252,7046322.0,27.8511,92.633766,14.10974,22.946856,11.277181
2020-11-02,sh.605111,31.349502,31.66044828,29.055636,31.2730398,7605737.0,30.0622,90.943855,13.852337,22.528239,11.071453
2020-11-03,sh.605111,32.623872,34.40034378,31.9611996,34.40034378,7852082.0,31.0359,100.038241,15.237571,24.781063,12.178598
2020-11-04,sh.605111,35.172612,35.172612,31.5788886,31.58398608,7703081.0,30.447,91.848106,13.99007,22.752236,11.181536
2020-11-05,sh.605111,33.03676788,34.74187494,32.84816112,34.74187494,6790211.0,26.8388,101.031434,15.388852,25.027092,12.299509
2020-11-06,sh.605111,34.662864,38.21580756,33.643368,38.21580756,6003302.0,23.7285,111.133836,16.927624,27.529618,13.529369
2020-11-09,sh.605111,40.76199882,42.03636882,40.524966,42.03636882,2687942.0,10.6243,122.244255,18.619935,30.281845,14.881945
2020-11-10,sh.605111,46.23924108,46.23924108,42.691395,44.2461264,10544886.0,41.6794,128.670361,19.598743,31.873694,15.664256
2020-11-11,sh.605111,43.710891,46.132194,40.86394842,42.563958,8285528.0,32.7491,123.778516,18.853629,30.661906,15.068725
2020-11-12,sh.605111,42.05166126,43.31838504,39.82661124,43.10174214,5576345.0,22.0409,125.342424,19.09184,31.049311,15.259115
2020-11-13,sh.605111,41.82992088,46.641942,41.034714,42.82392948,6516706.0,25.7577,124.534528,18.968783,30.849182,15.160762
2020-11-16,sh.605111,41.77639734,46.61135712,41.77639734,45.50520396,5621468.0,22.2192,132.331833,20.156449,32.780699,16.110001
2020-11-17,sh.605111,44.84253156,46.38451926,42.0796974,45.622446,5213160.0,20.6054,132.67278,20.208381,32.865157,16.151508
2020-11-18,sh.605111,44.60295,46.04553684,42.818832,42.8952942,4000811.0,15.8135,124.742061,19.000394,30.900592,15.186027
2020-11-19,sh.605111,41.26919808,43.2648615,40.270092,41.34311154,4268588.0,16.8719,120.228222,18.312857,29.782442,14.636515
2020-11-20,sh.605111,40.8563022,41.671899,40.015218,40.77984,2770366.0,10.9501,118.590195,18.063357,29.376677,14.437102
2020-11-23,sh.605111,40.6906341,42.47730084,39.86484234,41.33801406,3131403.0,12.3771,120.213398,18.3106,29.77877,14.63471
2020-11-24,sh.605111,40.84610724,44.857824,40.79513244,42.563958,4426688.0,17.4968,123.778516,18.853629,30.661906,15.068725
2020-11-25,sh.605111,42.82392948,46.8203538,42.05421,46.2086562,7243804.0,28.6316,134.377514,20.468042,33.287447,16.359041
2020-11-26,sh.605111,45.367572,49.08108618,44.7558744,46.86623112,5231755.0,20.6789,136.289781,20.759313,33.761146,16.59184
2020-11-27,sh.605111,47.15169,51.55336398,46.1449377,51.55336398,4399785.0,17.3905,149.920242,22.835471,37.137627,18.251204
2020-11-30,sh.605111,52.758918,55.48352106,50.41662594,52.376607,5628305.0,22.2463,152.314281,23.200125,37.730669,18.542653
2020-12-01,sh.605111,51.5355228,54.79791,50.9748,52.16251284,4664727.0,18.4377,151.691683,23.105292,37.576441,18.466858
2020-12-02,sh.605111,51.739422,53.650977,50.72247474,51.8031405,4514689.0,17.8446,150.646607,22.946109,37.317559,18.339631
2020-12-03,sh.605111,50.9748,55.307658,49.955304,53.80645014,5060001.0,20.0,156.47235,23.833471,38.760689,19.048854
2020-12-04,sh.605111,52.65441966,54.160725,51.4335732,53.013792,3193988.0,12.6245,154.167253,23.482365,38.18968,18.768233
2020-12-07,sh.605111,54.79791,55.562532,51.484548,51.484548,3402741.0,13.4496,149.720121,22.804989,37.088054,18.226841
2020-12-08,sh.605111,50.8346193,53.01888948,49.190682,52.6059936,3815831.0,15.0823,152.981351,23.301731,37.895913,18.623862
2020-12-09,sh.605111,51.611985,52.60089612,50.08528974,50.19233682,2778728.0,10.9831,145.962294,22.232606,36.157181,17.769366
2020-12-10,sh.605111,50.082741,54.033288,50.082741,54.00015438,4181694.0,16.5284,157.035653,23.919272,38.900228,19.11743
2020-12-11,sh.605111,53.268666,56.07228,52.4530692,56.07228,4168173.0,16.475,163.061518,24.837116,40.39293,19.851015
2020-12-14,sh.605111,55.817406,61.679508,54.288162,61.679508,5091257.0,20.1235,179.367669,27.320828,44.432223,21.836117
2020-12-15,sh.605111,60.42297918,61.85537106,55.5115572,55.5115572,4632035.0,18.3084,161.430902,24.588745,39.989001,19.652505
2020-12-16,sh.605111,53.52354,54.7469352,50.210178,53.78096274,4180705.0,16.5245,156.398231,23.822181,38.742328,19.039831
2020-12-17,sh.605111,52.96536594,58.31007372,52.32053472,55.9575867,4004593.0,15.8284,162.727983,24.786313,40.310308,19.810411
2020-12-18,sh.605111,55.817406,57.33900378,52.95517098,53.71214676,4424385.0,17.4877,156.19811,23.7917,38.692755,19.015468
2020-12-21,sh.605111,52.376607,56.07228,52.3256322,55.55488578,3579119.0,14.1467,161.556904,24.607938,40.020214,19.667845
2020-12-22,sh.605111,55.27962186,55.55488578,53.013792,53.0647668,2770272.0,10.9497,154.315491,23.504944,38.2264,18.786279
2020-12-23,sh.605111,52.631481,54.670473,51.739422,53.778414,2431643.0,9.6112,156.390819,23.821053,38.740492,19.038928
2020-12-24,sh.605111,53.52354,54.01544682,50.47014948,51.5100354,2772151.0,10.9571,149.79424,22.816278,37.106415,18.235865
2020-12-25,sh.605111,51.21438156,51.21438156,46.35903186,48.935808,4258367.0,16.8315,142.308234,21.676029,35.252012,17.324523
2020-12-28,sh.605111,47.96473806,48.91541808,45.70655442,46.5909672,3123753.0,12.3468,135.489297,20.637386,33.562853,16.494389
2020-12-29,sh.605111,46.7184042,50.592489,46.641942,50.01392502,3901749.0,15.4219,145.443462,22.153579,36.028658,17.706203
2020-12-30,sh.605111,48.75229872,52.99340208,47.6359506,51.13537062,3913909.0,15.47,148.704692,22.650321,36.836516,18.103224
2020-12-31,sh.605111,51.24751518,52.47345912,49.190682,49.83806196,2833924.0,11.2013,144.932042,22.075681,35.901971,17.643943
2021-01-04,sh.605111,48.97913658,50.81422938,48.1966734,49.96295022,2491130.0,9.8464,145.295224,22.131,35.991937,17.688157
2021-01-05,sh.605111,50.210178,54.033288,49.70043,53.5745148,3454235.0,13.6531,155.797868,23.730736,38.593609,18.966743
2021-01-06,sh.605111,53.23298364,53.48021142,49.445556,49.955304,3629887.0,14.3474,145.272988,22.127613,35.986429,17.68545
2021-01-07,sh.605111,49.190682,49.49143332,47.406564,49.44300726,2242933.0,8.8653,143.783199,21.900692,35.617384,17.504084
2021-01-08,sh.605111,49.0122702,50.465052,47.661438,48.23745324,2135847.0,8.4421,140.277376,21.366694,34.748936,17.077287
2021-01-11,sh.605111,47.788875,49.25949798,47.4957699,48.12785742,3072016.0,12.1424,139.958665,21.318149,34.669986,17.038487
2021-01-12,sh.605111,47.279127,50.337615,45.99456204,49.7768922,3390838.0,13.4025,144.754156,22.048586,35.857906,17.622288
2021-01-13,sh.605111,49.18303578,49.79728212,47.68947414,48.5280096,2704417.0,10.6894,141.122332,21.495395,34.958245,17.180152
2021-01-14,sh.605111,48.07433388,49.79728212,47.279127,47.35049172,2677852.0,10.5844,137.69804,20.973816,34.109994,16.76328
2021-01-15,sh.605111,46.387068,46.39471422,42.6149328,43.14252198,3700132.0,14.625,125.461014,19.109903,31.078688,15.273552
2021-01-18,sh.605111,43.05841356,47.4575388,42.13831842,47.4575388,3331874.0,13.1695,138.009339,21.021232,34.187107,16.801178
2021-01-19,sh.605111,48.55094826,51.9433212,47.788875,50.0317662,3708976.0,14.66,145.495345,22.161482,36.04151,17.71252
2021-01-20,sh.605111,50.71482852,51.96625986,49.74120984,50.719926,2166949.0,8.565,147.496555,22.466301,36.537241,17.956146
2021-01-21,sh.605111,50.7326697,54.160725,50.0062788,53.268666,3087140.0,12.2021,154.908442,23.595261,38.373284,18.858465
2021-01-22,sh.605111,52.79969784,53.52354,49.190682,50.08528974,3378600.0,13.3542,145.650995,22.18519,36.080067,17.731468
2021-01-25,sh.605111,48.42606,49.66474764,47.1644337,48.72681132,2485545.0,9.8243,141.700459,21.583454,35.101456,17.250532
2021-01-26,sh.605111,48.5025222,49.2671442,46.21885116,46.387068,2118510.0,8.3736,134.896346,20.547069,33.41597,16.422204
2021-01-27,sh.605111,46.16277888,46.89426726,44.36336844,45.112698,1757855.0,6.948,131.190403,19.982589,32.497948,15.971044
2021-01-28,sh.605111,44.33788104,45.87732,43.63697754,43.65736746,1341921.0,5.304,126.958215,19.337953,31.449568,15.45582
2021-01-29,sh.605111,44.21809026,44.60295,42.87235554,43.98615492,1351135.0,5.3405,127.914349,19.483589,31.686418,15.572219
2021-02-01,sh.605111,43.583454,44.34297852,43.1246808,44.03967846,972478.0,3.8438,128.069998,19.507297,31.724975,15.591168
2021-02-02,sh.605111,44.29455246,44.348076,42.181647,42.18674448,2202655.0,8.7061,122.681556,18.686543,30.390172,14.935182
2021-02-03,sh.605111,41.9650041,42.1051848,38.96768586,40.0661928,2951226.0,11.6649,116.514866,17.747249,28.862585,14.184453
2021-02-04,sh.605111,39.50547,41.71267884,38.25148992,41.71267884,2677760.0,10.584,121.302945,18.476557,30.048668,14.767351
2021-02-05,sh.605111,40.77474252,41.289588,38.73829926,38.740848,1796758.0,7.1018,112.660685,17.16019,27.907843,13.715247
2021-02-08,sh.605111,38.9192598,42.6149328,38.2311,42.6149328,2396078.0,9.4707,123.926753,18.876208,30.698627,15.086772
2021-02-09,sh.605111,43.01763372,44.31749112,42.3855462,43.456017,2342724.0,9.2598,126.372676,19.248765,31.304521,15.384537
2021-02-10,sh.605111,44.02693476,44.093202,41.671899,41.8757982,2132330.0,8.4282,121.777306,18.54881,30.166175,14.825099
2021-02-18,sh.605111,43.32858,46.06337802,43.201143,46.06337802,1746884.0,6.9047,133.955037,20.403691,33.182792,16.307609
2021-02-19,sh.605111,47.43714888,48.171186,46.05063432,47.86788594,3699181.0,14.6213,139.202653,21.202995,34.48271,16.946451
2021-02-22,sh.605111,46.896816,52.32818094,46.61390586,48.83895588,3628602.0,14.3423,142.026582,21.633128,35.182242,17.290234
2021-02-23,sh.605111,48.171186,50.9748,47.15169,50.61287892,2706286.0,10.6968,147.185255,22.418884,36.460128,17.918248
2021-02-24,sh.605111,49.91962164,53.4980526,49.62141906,50.210178,3142290.0,12.4201,146.014177,22.240509,36.170033,17.775682
2021-02-25,sh.605111,48.935808,49.955304,46.896816,47.17972614,2647318.0,10.4637,137.201443,20.898176,33.986979,16.702825
2021-02-26,sh.605111,46.16532762,48.14060112,44.35062474,45.0617232,2543339.0,10.0527,131.042165,19.96001,32.461228,15.952998
2021-03-01,sh.605111,46.0302444,49.56789552,46.0302444,49.56789552,860655.0,3.4018,144.146382,21.956011,35.70735,17.548298
2021-03-02,sh.605111,52.0070397,54.52519482,51.2424177,54.52519482,5149712.0,20.3546,158.562502,24.151838,39.278453,19.303308
2021-03-03,sh.605111,53.69940306,54.76477638,51.02067732,52.9883046,3975887.0,15.715,154.093134,23.471075,38.171319,18.75921
2021-03-04,sh.605111,52.758918,54.79026378,47.68947414,47.68947414,4536055.0,17.9291,138.683821,21.123967,34.354187,16.883289
2021-03-05,sh.605111,44.60295,45.5842149,43.838328,44.52903654,3124196.0,12.3486,129.493081,19.724057,32.077495,15.764413
2021-03-08,sh.605111,45.112698,45.3165972,40.32361554,41.23351572,3107808.0,12.2838,119.909511,18.264312,29.703492,14.597715
2021-03-09,sh.605111,40.70847528,44.24102892,39.52840866,42.4747521,2924884.0,11.5608,123.5191,18.814116,30.597645,15.037144
2021-03-10,sh.605111,43.12722954,44.08555578,42.05421,42.6786513,1979216.0,7.823,124.112051,18.904432,30.744528,15.10933
2021-03-11,sh.605111,42.05421,44.5137441,41.0602014,43.63188006,2725649.0,10.7733,126.884096,19.326663,31.431208,15.446797
2021-03-12,sh.605111,43.073706,43.073706,41.15960226,41.4297687,2636804.0,10.4222,120.480226,18.351242,29.844867,14.667193
2021-03-15,sh.605111,40.00757178,40.907277,39.2760834,40.04325414,1498489.0,5.9229,116.448159,17.737088,28.84606,14.176332
2021-03-16,sh.605111,40.652403,41.8248234,39.3907767,40.8563022,1565785.0,6.1889,118.812551,18.097226,29.431758,14.464172
2021-03-17,sh.605111,40.09422894,43.32858,40.01776674,41.81462844,1843033.0,7.2847,121.599421,18.521715,30.12211,14.803444
2021-03-18,sh.605111,41.799336,41.799336,40.01012052,40.19617854,1817084.0,7.1822,116.892872,17.804826,28.956223,14.230471
2021-03-19,sh.605111,39.23530356,41.76875112,38.868285,40.270092,1896578.0,7.4964,117.107817,17.837565,29.009468,14.256638
2021-03-22,sh.605111,41.034714,42.20968314,40.3210668,41.38644012,1571301.0,6.2107,120.354224,18.33205,29.813655,14.651854
2021-03-23,sh.605111,41.25390564,42.946269,40.524966,42.7678572,1936445.0,7.6539,124.371467,18.943946,30.80879,15.140911
2021-03-24,sh.605111,41.799336,41.92932174,40.3210668,40.80277866,1619803.0,6.4024,118.656902,18.073518,29.393201,14.445223
2021-03-25,sh.605111,40.270092,41.3278191,39.9642432,40.37968782,969764.0,3.8331,117.426528,17.886111,29.088418,14.295438
2021-03-26,sh.605111,40.652403,41.9140293,40.37968782,41.21822328,1330378.0,5.2584,119.865039,18.257538,29.692476,14.592301
2021-03-29,sh.605111,41.417025,42.03891756,40.4230164,40.7670963,1252681.0,4.9513,118.553135,18.057713,29.367496,14.432591
2021-03-30,sh.605111,40.524966,44.70235086,40.270092,42.45691092,2672098.0,10.5617,123.467216,18.806213,30.584792,15.030828
2021-03-31,sh.605111,41.43996366,41.8757982,40.41791892,40.86394842,2103400.0,8.3138,116.432756,16.99014,39.506938,13.987876
2021-04-01,sh.605111,40.86649716,43.16546064,40.86394842,42.13322094,2554221.0,10.0957,120.049267,17.517869,40.73406,14.422353
2021-04-02,sh.605111,43.32858,46.34628816,43.32858,46.34628816,4745692.0,18.7577,132.053467,19.26955,44.80722,15.864501
2021-04-06,sh.605111,47.35049172,47.88827586,45.49755774,46.004757,4102827.0,16.2167,131.08035,19.127551,44.47703,15.747593
2021-04-07,sh.605111,47.90866578,49.318119,46.67762436,48.33940284,4583087.0,18.115,137.732405,20.098234,46.734147,16.546751
2021-04-08,sh.605111,47.35813794,49.827867,47.024253,48.42606,3297758.0,13.0346,137.979315,20.134264,46.817927,16.576414
2021-04-09,sh.605111,48.1966734,49.92471912,48.17373474,48.68348274,1901650.0,7.5164,138.712784,20.241294,47.066801,16.664531
2021-04-12,sh.605111,48.47193732,51.49984044,47.79652122,48.09727254,2849622.0,11.2633,137.042509,19.997563,46.500058,16.463869
2021-04-13,sh.605111,47.89847082,51.484548,46.769379,49.9680477,3652018.0,14.4349,142.372867,20.775381,48.308708,17.104242
2021-04-14,sh.605111,49.86864684,50.66385372,49.19832822,49.84315944,1857874.0,7.3434,142.017026,20.723456,48.187967,17.061492
2021-04-15,sh.605111,49.445556,50.465052,48.171186,50.1337158,1755028.0,6.9369,142.844902,20.844262,48.468875,17.160951
2021-04-16,sh.605111,50.71482852,51.24751518,48.6554466,49.190682,1908022.0,7.5416,140.157936,20.452173,47.557157,16.838147
2021-04-19,sh.605111,48.680934,50.1082284,48.57133818,49.77179472,1992179.0,7.8742,141.813688,20.693785,48.118972,17.037064
2021-04-20,sh.605111,49.08618366,49.51692072,47.19756732,47.661438,2952076.0,11.6683,135.800695,19.816355,46.078696,16.314681
2021-04-21,sh.605111,47.46263628,50.3758461,47.38872282,50.08528974,3486387.0,13.7802,142.706923,20.824127,48.422057,17.144374
2021-04-22,sh.605111,50.337615,54.6449856,50.08528974,52.2236826,3295433.0,13.0254,148.799799,21.713214,50.489438,17.876354
2021-04-23,sh.605111,51.96371112,53.08260798,51.60688752,51.9688086,1635122.0,6.4629,148.073592,21.607244,50.243028,17.78911
2021-04-26,sh.605111,52.5295314,54.3391368,51.7903968,51.8413716,2207270.0,8.7244,147.710488,21.554259,50.119822,17.745488
2021-04-27,sh.605111,51.50748666,52.73088186,50.72247474,50.9748,1504986.0,5.9486,145.241385,21.193962,49.282028,17.448857
2021-04-28,sh.605111,51.739422,52.4275818,49.97569392,51.102237,2301570.0,9.0971,145.604488,21.246947,41.765154,16.428236
2021-04-29,sh.605111,50.65365876,52.7079432,48.2221608,48.9612954,3172229.0,12.5385,139.50435,20.356801,40.015392,15.739971
2021-04-30,sh.605111,48.86444328,49.82276952,48.6427029,49.1014761,1993221.0,7.8783,139.903764,20.415084,40.12996,15.785036
2021-05-06,sh.605111,49.0759887,49.08108618,46.769379,47.67673044,2022207.0,7.9929,135.844267,19.822713,38.965535,15.327012
2021-05-07,sh.605111,47.661438,48.26548938,42.9972438,43.02527994,3367735.0,13.3112,122.590991,17.888764,35.163968,13.831673
2021-05-10,sh.605111,43.06860852,44.093202,42.05675874,43.0227312,1964735.0,7.7658,122.583729,17.887704,35.161885,13.830854
2021-05-11,sh.605111,42.3855462,43.2521178,41.59798554,42.0032352,2269838.0,8.9717,119.678901,17.463825,34.328665,13.503109
2021-05-12,sh.605111,42.25365016,44.535891,41.32358336,44.1245153,2926100.0,8.2612,125.408674,18.299927,35.972192,14.149586
2021-05-13,sh.605111,43.04420694,43.70598524,42.210724,42.57559636,3112186.0,8.7865,121.006407,17.657538,34.709447,13.652888
2021-05-14,sh.605111,42.9619318,43.23737466,41.44878466,42.58990508,2883419.0,8.1407,88.738641,15.319077,34.721112,13.657477
2021-05-17,sh.605111,42.92616,43.9814281,42.58990508,43.0155895,3192553.0,9.0134,89.62558,15.47219,35.068148,13.793983
2021-05-18,sh.605111,42.389583,43.59866984,42.210724,42.99054924,1977856.0,5.584,89.573407,15.463184,35.047734,13.785953
2021-05-19,sh.605111,42.99054924,45.08319954,42.78664998,44.6789782,3908726.0,11.0354,93.091351,16.070491,36.424214,14.327388
2021-05-20,sh.605111,44.34630046,45.30856188,44.0350858,44.38922662,2373732.0,6.7017,92.487636,15.966271,36.187996,14.234472
2021-05-21,sh.605111,44.90434054,44.90434054,43.6058242,44.0350858,2301134.0,6.4967,91.749762,15.838891,35.899285,14.120909
2021-05-24,sh.605111,43.63801882,44.8757231,42.65071714,44.6253205,2409069.0,6.8014,92.979552,16.051191,36.38047,14.310182
2021-05-25,sh.605111,44.99734722,45.787904,44.39638098,45.36579676,2894567.0,8.1721,94.522379,16.317532,36.984138,14.547633
2021-05-26,sh.605111,45.36579676,46.682199,44.5537769,44.59312588,2692439.0,7.6015,92.912472,16.039611,36.354223,14.299858
2021-05-27,sh.605111,44.58239434,49.007366,44.18175018,47.44056116,5504244.0,15.5399,98.845276,17.063799,38.675574,15.212956
2021-05-28,sh.605111,46.72512516,47.4691786,45.97034018,46.32090382,4101856.0,11.5806,96.512402,16.661072,37.762782,14.853911
2021-05-31,sh.605111,46.97910494,47.9699838,46.60707822,46.9326016,2956325.0,8.3465,97.786911,16.881093,38.261464,15.050067
2021-06-01,sh.605111,46.58561514,48.5065608,46.1813938,47.70527248,3258677.0,9.2001,99.396818,17.159013,38.891378,15.297842
2021-06-02,sh.605111,47.26170216,47.93063482,45.6448168,46.07765558,2891182.0,8.1626,96.00558,16.573579,37.564475,14.775908
2021-06-03,sh.605111,46.03115224,46.42464204,45.3586424,45.3586424,2020894.0,5.7055,94.507472,16.314958,36.978305,14.545339
2021-06-04,sh.605111,45.1440116,46.31732664,44.8220654,45.7163604,2440013.0,6.8888,95.252799,16.443625,37.269932,14.66005
2021-06-07,sh.605111,46.70366208,47.6480376,46.0025348,46.5569977,3471939.0,9.8022,97.004318,16.745992,37.955256,14.92962
2021-06-08,sh.605111,46.56772924,47.218776,45.21197802,45.51246114,2716800.0,7.6702,94.827963,16.370285,37.103705,14.594665
2021-06-09,sh.605111,45.41587728,46.324481,45.072468,45.9131053,2033885.0,5.7422,95.662729,16.514392,37.430327,14.723141
2021-06-10,sh.605111,45.78074964,46.6643131,45.1618975,46.49260846,2775129.0,7.8349,96.870159,16.722832,37.902763,14.908972
2021-06-11,sh.605111,46.324481,46.4675682,43.999314,44.0350858,3760903.0,10.618,91.749762,15.838891,35.899285,14.120909
2021-06-15,sh.605111,43.72387114,45.78432682,43.641596,45.03311902,3003256.0,8.479,93.829225,16.197871,36.712925,14.440952
2021-06-16,sh.605111,45.78074964,49.53678864,45.78074964,48.42428566,9138853.0,25.8014,100.894925,17.417633,39.477549,15.528411
2021-06-17,sh.605111,47.5407222,53.26778738,47.1114606,53.26778738,8765069.0,24.7461,110.986654,19.159783,43.426178,17.081596
2021-06-18,sh.605111,54.87751838,57.94673882,54.6235386,55.50352488,9948236.0,28.0865,115.644948,19.963951,45.248847,17.798539
2021-06-21,sh.605111,57.06675254,59.02347,55.804008,56.877162,7297407.0,20.6025,118.507004,20.458031,46.368695,18.239029
2021-06-22,sh.605111,56.877162,58.20429578,55.088572,57.42447054,6187698.0,17.4695,119.647354,20.654892,46.814884,18.414537
2021-06-23,sh.605111,57.04171228,63.16584444,56.56594734,62.23577764,7863844.0,22.2017,129.672003,22.385461,50.737268,19.957398
2021-06-24,sh.605111,60.81206,60.81206,56.877162,58.3259199,6545295.0,18.4791,121.525579,20.979132,47.549784,18.703608
2021-06-25,sh.605111,57.76430264,58.83745664,55.3389746,57.36723566,4827903.0,13.6304,119.528102,20.634305,46.768224,18.396183
2021-06-28,sh.605111,57.413739,60.71905332,57.413739,59.1307854,5223014.0,14.7459,123.202564,21.268633,48.205945,18.961708
2021-06-29,sh.605111,58.17567834,60.66539562,57.81438316,58.62282584,3434115.0,9.6954,122.1442,21.085926,47.791835,18.798818
2021-06-30,sh.605111,60.1860535,64.48582386,59.37761082,64.48582386,6233110.0,17.5977,134.360111,23.194776,52.571601,20.678929
2021-07-01,sh.605111,64.48582386,64.58240772,59.738906,60.08946964,5326655.0,15.0386,125.200041,21.61346,48.987505,19.269133
2021-07-02,sh.605111,58.665752,60.37206686,57.23845718,57.8430006,3845359.0,10.8565,120.519387,20.805432,47.156088,18.548748
2021-07-05,sh.605111,60.096624,60.1681676,57.24203436,59.560047,4911955.0,13.8677,124.096957,21.423033,48.555897,19.099361
2021-07-06,sh.605111,59.560047,62.4396769,57.4495108,60.55808022,5844180.0,16.4997,126.176419,21.782013,49.369537,19.419404
2021-07-07,sh.605111,59.0055841,60.5616574,57.950316,59.8462214,4109439.0,11.602,124.693219,21.525966,48.789199,19.191129
2021-07-08,sh.605111,59.33826184,63.6559181,59.33826184,61.59188524,5170392.0,14.5974,128.330415,22.153861,50.212339,19.750918
2021-07-09,sh.605111,60.454342,61.1518921,57.592598,59.29533568,4180266.0,11.802,123.545415,21.327819,48.340093,19.014475
2021-07-12,sh.605111,59.28102696,63.2445424,58.308034,62.19642866,4814990.0,13.594,129.590017,22.371308,50.705189,19.94478
2021-07-13,sh.605111,63.673804,65.104676,59.381188,60.7226305,4839064.0,13.662,126.51927,21.8412,49.503685,19.472171
2021-07-14,sh.605111,59.37761082,60.21109376,57.60332954,58.22933604,4266434.0,12.0453,121.32434,20.944392,47.471045,18.672636
2021-07-15,sh.605111,57.5210544,57.53178594,54.909713,56.2153837,5150118.0,14.5401,117.128149,20.219998,45.829185,18.026814
2021-07-16,sh.605111,55.68953824,56.94155124,53.81509592,53.81509592,4714337.0,13.3098,112.127004,19.356643,43.872368,17.257104
2021-07-19,sh.605111,52.942264,54.87751838,52.047969,54.2300488,2658709.0,7.5062,112.991584,19.505897,44.210655,17.390169
2021-07-20,sh.605111,53.70062616,56.8592761,53.121123,56.519444,4026360.0,11.3675,117.761677,20.329364,46.077068,18.124318
2021-07-21,sh.605111,56.161726,60.4185702,55.8576657,58.486893,5167479.0,14.5892,121.860976,21.037032,47.681016,18.755228
2021-07-22,sh.605111,58.486893,60.096624,57.2527659,59.39549672,5065834.0,14.3022,123.754106,21.363846,48.421749,19.046594
2021-07-23,sh.605111,59.7031342,60.275483,58.02901396,58.5226648,3625016.0,10.2344,121.935508,21.049899,47.710179,18.766699
2021-07-26,sh.605111,58.3795776,61.3665229,55.088572,58.58705404,4393046.0,12.4027,122.069667,21.073059,47.762672,18.787347
2021-07-27,sh.605111,59.11647668,63.23023368,58.01470524,58.9876982,7472547.0,21.097,122.904434,21.217166,48.089294,18.915823
2021-07-28,sh.605111,55.9470952,56.877162,53.08892838,53.08892838,6382721.0,18.0201,110.61399,19.095449,43.280365,17.024241
2021-07-29,sh.605111,53.9259885,56.6267594,53.121123,55.49637052,5478017.0,15.4659,115.630041,19.961377,45.243015,17.796245
2021-07-30,sh.605111,54.909713,61.0445767,54.909713,61.0445767,6284960.0,17.7441,127.190064,21.957,49.76615,19.575411
2021-08-02,sh.605111,63.673804,64.38566282,59.61728188,61.7778986,8546202.0,24.1282,128.717985,22.220767,50.363985,19.810568
2021-08-03,sh.605111,61.99610658,62.51479768,55.60010874,55.60010874,6170277.0,17.4203,115.846186,19.998691,45.327586,17.829511
2021-08-04,sh.605111,54.015418,57.66771878,53.90094824,57.592598,5860501.0,16.5457,119.997658,20.715365,46.951949,18.468451
2021-08-05,sh.605111,56.17603472,57.23488,54.373136,55.2137733,3669817.0,10.3609,115.041233,19.85973,45.012629,17.705624
2021-08-06,sh.605111,56.519444,56.877162,54.15135084,55.66807516,3296813.0,9.3078,115.987798,20.023137,45.382996,17.851306
2021-08-09,sh.605111,54.36955882,54.36955882,51.71171408,53.121123,3597194.0,10.1558,110.68107,19.107029,43.306611,17.034565
2021-08-10,sh.605111,52.2983716,53.5146128,50.2951508,51.86553282,3408528.0,9.6232,108.064972,18.655409,42.283,16.63193
2021-08-11,sh.605111,51.511392,52.55235138,51.15725118,52.55235138,2430991.0,6.8633,109.496,18.902449,42.842924,16.852175
2021-08-12,sh.605111,52.3341434,57.44235644,52.10520388,56.15814882,5931500.0,16.7462,117.008896,20.199411,45.782525,18.00846
2021-08-13,sh.605111,55.804008,57.19553102,53.299982,53.56469332,4955469.0,13.9906,111.605275,19.266576,43.668229,17.176806
2021-08-16,sh.605111,53.6040423,54.23362598,50.30230516,53.92956568,4515625.0,12.7488,112.365509,19.397816,43.965688,17.293811
2021-08-17,sh.605111,53.299982,53.299982,50.75302984,51.86911,4039860.0,11.4056,108.072425,18.656695,42.285917,16.633077
2021-08-18,sh.605111,51.8333382,52.5487742,51.3504189,51.92992206,2154341.0,6.0823,108.199131,18.678569,42.335493,16.652578
2021-08-19,sh.605111,51.86911,53.23201558,51.44342558,52.942264,2576760.0,7.2749,110.308406,19.042696,43.160798,16.977209
2021-08-20,sh.605111,52.82779424,54.44825678,51.7081369,52.6560896,1909720.0,5.3916,109.712144,18.939762,42.927496,16.885441
2021-08-23,sh.605111,52.226828,53.2105525,51.69382818,52.59170036,2377576.0,6.7125,109.577986,18.916602,42.875003,16.864793
2021-08-24,sh.605111,52.584546,55.04206866,51.3683048,53.7650154,3178920.0,8.9749,112.022658,19.33863,43.83154,17.241044
2021-08-25,sh.605111,53.7650154,54.909713,52.68470704,54.44825678,2487162.0,7.0219,113.446233,19.584383,44.388547,17.460142
2021-08-26,sh.605111,55.804008,57.20983974,54.44825678,54.83459222,3869697.0,10.9252,84.018736,17.404353,38.0652,16.803979
2021-08-27,sh.605111,53.299982,54.60922988,51.96927104,54.00468646,3171702.0,8.9546,82.747137,17.140943,37.489094,16.549656
2021-08-30,sh.605111,54.00468646,54.71654528,52.226828,53.6577,2452690.0,6.9246,82.215477,17.030811,37.248223,16.443322
2021-08-31,sh.605111,52.8349486,52.942264,50.438238,51.6544792,2306085.0,6.5107,79.146099,16.394994,35.857622,15.829438
2021-09-01,sh.605111,51.14651964,51.14651964,47.28316524,50.0089764,2683449.0,7.5761,76.624824,15.872715,34.715344,15.325176
2021-09-02,sh.605111,48.93939958,49.71922482,47.38332628,47.63730606,1979325.0,5.5882,72.9909,15.119954,33.068972,14.598381
2021-09-03,sh.605111,47.576494,48.78200366,45.8952194,47.64088324,1795438.0,5.069,72.996381,15.121089,33.071455,14.599478
2021-09-06,sh.605111,47.02918546,48.5781044,46.17423944,47.81616506,1445289.0,4.0804,73.264952,15.176723,33.193133,14.653193
2021-09-07,sh.605111,47.56933964,48.649648,47.1472324,47.4155209,1379620.0,3.895,72.651076,15.04956,32.915013,14.530416
2021-09-08,sh.605111,47.4155209,47.755353,46.5391118,46.79309158,1265308.0,3.5723,71.697377,14.852002,32.482933,14.339673
2021-09-09,sh.605111,46.50691718,46.67862182,45.2692129,45.31213906,1843432.0,5.2045,69.42823,14.381952,31.454882,13.885837
2021-09-10,sh.605111,45.430186,47.90917174,44.8578372,47.15438676,2677043.0,7.558,72.250961,14.966676,32.733738,14.450392
2021-09-13,sh.605111,46.324481,46.324481,45.0009244,45.1797834,1689882.0,4.771,69.225431,14.339942,31.363003,13.845277
2021-09-14,sh.605111,44.70759564,46.07050122,44.4285756,44.6432064,1676819.0,4.7341,68.403277,14.169634,30.990521,13.680844
2021-09-15,sh.605111,44.6432064,45.56611884,43.36257596,45.0903539,1808735.0,5.1065,69.088406,14.311558,31.300923,13.817872
2021-09-16,sh.605111,44.71475,45.08319954,43.7489114,43.7489114,1221629.0,3.449,67.033019,13.885788,30.369718,13.406789
2021-09-17,sh.605111,43.4985088,44.3212602,42.38600582,43.0692472,1070400.0,3.022,65.991623,13.670064,29.897907,13.198507
2021-09-22,sh.605111,42.56486482,43.50566316,42.28584478,42.92258282,913125.0,2.578,65.7669,13.623513,29.796095,13.153562
2021-09-23,sh.605111,43.3554216,45.9131053,42.56128764,45.09750826,2242399.0,6.3309,69.099368,14.313829,31.30589,13.820064
2021-09-24,sh.605111,44.357032,45.0009244,42.92616,43.3017639,1656820.0,4.6776,66.34789,13.743864,30.059316,13.269761
2021-09-27,sh.605111,42.82242178,44.70759564,42.82242178,43.97069656,1502020.0,4.2406,67.372843,13.956182,30.523677,13.474754
2021-09-28,sh.605111,43.9635422,44.8578372,43.0155895,43.36257596,1287809.0,3.6358,66.441067,13.763166,30.10153,13.288397
2021-09-29,sh.605111,42.92973718,43.6237101,42.4253548,42.93331436,1526930.0,1.5047,65.783343,13.626919,29.803545,13.15685
2021-09-30,sh.605111,42.91900564,45.99538044,42.3538112,45.60189064,4954642.0,4.8825,69.872193,14.473918,31.656023,13.974631
2021-10-08,sh.605111,45.63766244,46.682199,43.87768988,44.05654888,3741027.0,3.6866,67.504387,13.983431,30.583274,13.501064
2021-10-11,sh.605111,44.05654888,44.71832718,42.55771046,43.02274386,3109832.0,3.0646,65.920369,13.655304,29.865625,13.184256
2021-10-12,sh.605111,43.02632104,43.51997188,40.67969096,41.8351201,2617578.0,2.5795,64.100667,13.278355,29.041198,12.82031
2021-10-13,sh.605111,41.1733418,42.27511324,41.1733418,42.19999246,1519561.0,1.4974,64.659732,13.394165,29.294486,12.932125
2021-10-14,sh.605111,42.18568374,43.95638784,41.7814624,43.5700524,2352774.0,2.3185,66.758967,13.829018,30.245557,13.351978
2021-10-15,sh.605111,43.5342806,47.92705764,43.5342806,47.92705764,4355188.0,4.2918,73.434864,15.21192,33.270112,14.687175
2021-10-18,sh.605111,48.649648,52.584546,47.33682294,51.14651964,9429875.0,9.2926,78.367792,16.233769,35.505006,15.673775
2021-10-19,sh.605111,50.60278828,51.66878792,49.36866118,51.4935061,5607349.0,5.5257,78.899453,16.343901,35.745878,15.780108
2021-10-20,sh.605111,51.32895582,52.76698218,49.28280886,50.67433188,4237860.0,4.1762,77.644296,16.083897,35.177221,15.529074
2021-10-21,sh.605111,50.5813252,50.64929162,48.6138762,49.37939272,3561794.0,3.5099,75.660163,15.672887,34.278298,15.132241
2021-10-22,sh.605111,51.4756202,53.478841,49.4187417,52.72047884,7905595.0,7.7905,59.804513,15.040332,129.130095,14.615166
2021-10-25,sh.605111,51.86911,54.00468646,50.84245934,53.24274712,5278567.0,5.2017,60.396958,15.189327,130.409304,14.759949
2021-10-26,sh.605111,53.299982,54.194277,51.5829356,51.86911,3675749.0,3.6222,58.838746,14.79745,127.044807,14.379149
2021-10-27,sh.605111,51.86911,52.18390184,50.33449978,51.08570758,2956817.0,2.9138,57.950078,14.573957,125.125993,14.161975
2021-10-28,sh.605111,50.91400294,51.6544792,49.365084,49.65483558,3521367.0,3.4701,56.32694,14.165752,121.621308,13.765308
2021-10-29,sh.605111,49.86946638,52.46292188,49.722802,52.07658644,4474766.0,4.4096,59.074101,14.85664,127.552987,14.436666
2021-11-01,sh.605111,52.22325082,57.28496052,51.87626436,57.28496052,8245342.0,8.1253,64.982322,16.342508,140.310038,15.880531
2021-11-02,sh.605111,58.01470524,62.0998448,57.1275646,60.50442252,9170239.0,9.0367,68.634382,17.26097,148.195577,16.77303
2021-11-03,sh.605111,62.01399248,62.779509,59.87841602,61.42375778,5581159.0,5.4999,69.677248,17.523242,150.447337,17.027888
2021-11-04,sh.605111,61.4380665,65.44808528,61.17335518,62.1356166,7002683.0,6.9007,70.484759,17.726324,152.190918,17.225229
2021-11-05,sh.605111,63.2087706,64.031522,60.454342,60.7405164,5229161.0,5.153,68.9022,17.328324,148.77385,16.83848
2021-11-08,sh.605111,59.8104496,60.4006843,57.3064236,58.3438058,4960089.0,4.8879,66.183444,16.64458,142.903504,16.174064
2021-11-09,sh.605111,58.39030914,60.8299459,57.9860878,59.69240266,4995515.0,4.9228,67.713252,17.029314,146.206669,16.547922
2021-11-10,sh.605111,58.665752,61.5453819,58.665752,59.51354366,4618743.0,4.5515,67.510359,16.978288,145.768584,16.498338
2021-11-11,sh.605111,59.35972492,64.81134724,59.35972492,63.494945,6553955.0,6.4585,72.02674,18.11412,155.520368,17.602062
2021-11-12,sh.605111,63.494945,69.27566788,62.6543077,66.62855468,6681232.0,6.5839,75.581412,19.00809,163.195626,18.470761
2021-11-15,sh.605111,65.641253,66.8574942,62.85820696,65.00451496,5506379.0,5.4262,73.739151,18.544777,159.21781,18.020545
2021-11-16,sh.605111,64.68614594,69.21485582,64.4250118,65.20841422,5103652.0,5.0293,73.970448,18.602946,159.717227,18.07707
2021-11-17,sh.605111,64.39639436,71.72961336,64.031522,71.72961336,6256327.0,6.1652,81.367898,20.463342,175.689826,19.884876
2021-11-18,sh.605111,69.75501,76.72335664,69.75501,72.55594194,6403683.0,6.3104,82.30526,20.699081,177.713781,20.113951
2021-11-19,sh.605111,72.49870706,77.36367186,71.96213006,76.28694068,5642410.0,5.5603,86.537592,21.763477,186.852246,21.148258
2021-11-22,sh.605111,75.88629652,80.6832949,73.4395054,79.53144294,5896832.0,5.811,90.218057,22.689083,194.799118,22.047698
2021-11-23,sh.605111,78.69796,81.19483164,77.48887316,79.055678,3518643.0,3.4674,89.678364,22.553355,193.63381,21.915807
2021-11-24,sh.605111,78.74804052,86.9612458,78.69438282,81.559704,7412149.0,7.3042,92.518855,23.267714,199.767008,22.609973
2021-11-25,sh.605111,80.60817412,80.91938878,77.0166854,77.88951732,5412991.0,5.3342,88.355507,22.220667,190.777492,21.592524
2021-11-26,sh.605111,78.519101,79.1272216,77.24562492,77.58187984,3290113.0,3.2422,88.006532,22.132903,190.023985,21.507241
2021-11-29,sh.605111,77.267088,80.67256336,76.50872584,78.2329266,4477354.0,4.4122,88.74506,22.318637,191.618617,21.687724
2021-11-30,sh.605111,78.2329266,82.62212646,76.193934,80.128832,5171206.0,5.0959,90.895717,22.859509,196.262323,22.213307
2021-12-01,sh.605111,80.13598636,83.70243482,78.161383,79.3776242,4208071.0,4.1468,90.04357,22.645201,194.422364,22.005057
2021-12-02,sh.605111,78.79096668,81.69205966,78.58349024,79.9320871,3010854.0,2.967,90.672536,22.803381,195.780429,22.158765
2021-12-03,sh.605111,80.0572884,81.86734148,78.6264164,79.1451075,3168626.0,3.1225,89.77981,22.578868,193.852853,21.940599
2021-12-06,sh.605111,78.09699376,80.2003756,77.00953104,77.95032938,3084899.0,3.04,88.42449,22.238016,190.926441,21.609382
2021-12-07,sh.605111,77.73569858,78.876819,70.15565416,70.15565416,5844045.0,5.759,79.582447,20.014316,171.834673,19.448543
2021-12-08,sh.605111,70.0769562,70.77092912,69.1468894,69.8623254,4869163.0,4.7983,79.249704,19.930634,171.116213,19.367227
2021-12-09,sh.605111,69.99110388,70.39174804,68.74266806,69.55111074,3197467.0,3.1509,78.896671,19.84185,170.353944,19.280952
2021-12-10,sh.605111,70.1663857,70.2200434,67.072125,68.7712855,3705726.0,3.6518,78.012061,19.619378,168.443891,19.064769
2021-12-13,sh.605111,68.13812464,70.112728,67.5371584,70.06622466,3342687.0,3.294,79.481001,19.988804,171.615631,19.423752
2021-12-14,sh.605111,69.397292,71.185882,68.0379636,70.0590703,2508834.0,2.4723,79.472885,19.986763,171.598107,19.421768
2021-12-15,sh.605111,69.75501,72.19464676,68.49584264,69.039574,2833410.0,2.7922,78.316399,19.695916,169.10102,19.139144
2021-12-16,sh.605111,70.06264748,70.3989024,67.27602426,67.96642,2353667.0,2.3194,77.099046,19.389762,166.472506,18.841644
2021-12-17,sh.605111,67.73032612,67.73032612,65.46597118,65.78076302,3247941.0,3.2006,74.619703,18.766228,161.119101,18.235736
2021-12-20,sh.605111,65.283535,66.69294392,64.1030656,64.38566282,2436427.0,2.401,73.037144,18.368228,157.702034,17.848987
2021-12-21,sh.605111,64.4965554,65.30499808,62.85820696,64.38924,2657148.0,2.6185,73.041201,18.369248,157.710795,17.849979
2021-12-22,sh.605111,65.104676,66.70009828,63.84193146,65.93815894,3668069.0,3.6147,74.798248,18.811131,161.504616,18.27937
2021-12-23,sh.605111,65.7843402,68.72478216,64.9615888,68.3956816,4219588.0,4.1581,77.585987,19.512224,167.523912,18.960644
2021-12-24,sh.605111,68.00576898,70.15207698,66.84318548,67.3940712,2900338.0,2.8581,76.449791,19.22648,165.070633,18.682978
2021-12-27,sh.605111,66.53912518,69.35794302,66.535548,67.5013866,1934589.0,1.9064,76.571526,19.257095,165.333484,18.712727
2021-12-28,sh.605111,67.96642,67.96642,65.641253,67.59439328,1811132.0,1.7848,76.67703,19.283629,165.561288,18.738511
2021-12-29,sh.605111,67.18659476,67.42626582,63.47348192,64.90077674,3871260.0,3.8149,73.621473,18.515182,158.96372,17.991787
2021-12-30,sh.605111,64.568099,67.02919884,64.38924,65.94889048,2810848.0,2.7699,74.810422,18.814192,161.530901,18.282345
2021-12-31,sh.605111,65.9274274,65.93458176,61.706355,63.7095758,4209023.0,4.1477,72.270211,18.175351,156.04607,17.661562
2022-01-04,sh.605111,62.958368,63.9599784,59.17013438,61.1161203,3503420.0,3.4524,69.328274,17.435478,149.69383,16.942605
2022-01-05,sh.605111,60.99807336,61.47741548,57.950316,58.2007186,2817173.0,2.7762,66.02113,16.603759,142.553036,16.134397
2022-01-06,sh.605111,58.2007186,58.9876982,57.413739,58.0218596,2453115.0,2.4174,65.818238,16.552734,142.11495,16.084814
2022-01-07,sh.605111,58.08624884,58.54770506,55.44629,55.7682362,3165433.0,3.1193,63.261796,15.90981,136.595072,15.460065
2022-01-10,sh.605111,55.77539056,55.7861221,54.37671318,55.11718944,2967420.0,2.9242,62.523268,15.724076,135.000441,15.279582
2022-01-11,sh.605111,55.625149,55.69311542,53.1926666,53.28567328,2437954.0,2.4025,60.445652,15.201573,130.514445,14.771849
2022-01-12,sh.605111,54.43037088,55.44629,52.94941836,54.84890094,3899863.0,3.8431,62.21893,15.647538,134.343313,15.205207
2022-01-13,sh.605111,55.12792098,55.26385382,52.7097473,53.70778052,2939820.0,2.897,60.924478,15.321994,131.548327,14.888865
2022-01-14,sh.605111,53.41802894,57.413739,53.2463243,57.413739,6132471.0,6.0432,65.128405,16.379246,140.625459,15.916231
2022-01-17,sh.605111,57.11683306,58.54412788,55.804008,57.2706518,5581283.0,5.5,64.966091,16.338426,140.274991,15.876564
2022-01-18,sh.605111,57.23488,59.92491936,56.16530318,58.0397455,4690446.0,4.6221,65.838527,16.557836,142.158759,16.089772
2022-01-19,sh.605111,57.3600813,58.66217482,56.64822248,58.3259199,3197516.0,3.151,66.163155,16.639477,142.859696,16.169106
2022-01-20,sh.605111,57.7177993,58.88395998,56.53017554,57.20268538,2558043.0,2.5208,64.888992,16.319036,140.108518,15.857723
2022-01-21,sh.605111,56.2511555,57.5210544,55.44629,56.33343064,2251077.0,2.2183,63.902936,16.071051,137.979423,15.616748
2022-01-24,sh.605111,56.51228964,60.4006843,56.32627628,59.1665572,4149831.0,4.0894,67.116748,16.879298,144.918698,16.402147
2022-01-25,sh.605111,59.02347,60.92652976,57.6999134,57.8430006,4133885.0,4.0737,65.615346,16.501708,141.676865,16.035231
2022-01-26,sh.605111,58.4690071,60.33629506,56.0722965,60.16459042,3604181.0,3.5517,68.248887,17.164021,147.363215,16.678822
2022-01-27,sh.605111,59.738906,61.8136704,57.23845718,57.42089336,4029493.0,3.9708,65.13652,16.381287,140.642983,15.918214
2022-01-28,sh.605111,57.80007444,59.02347,56.161726,56.78057814,2911492.0,2.8691,64.410166,16.198615,139.074636,15.740706
2022-02-07,sh.605111,57.950316,58.70867816,53.50745844,53.9617603,3952471.0,3.8949,61.212585,15.39445,132.170408,14.959274
2022-02-08,sh.605111,53.1926666,53.1926666,48.56737286,49.0610237,5227209.0,5.1511,55.653338,13.996347,120.166864,13.600692
2022-02-09,sh.605111,50.08052,53.96891466,49.722802,53.96891466,4212818.0,4.1515,61.2207,15.396491,132.187932,14.961257
2022-02-10,sh.605111,54.730854,54.730854,51.53643226,52.75982782,3299051.0,3.251,59.849149,15.051558,129.226473,14.626074
2022-02-11,sh.605111,51.86911,54.27655214,51.59008996,52.61674062,2590836.0,2.5531,59.686835,15.010737,128.876005,14.586407
2022-02-14,sh.605111,51.511392,54.194277,51.153674,53.26063302,2449973.0,2.4143,60.417247,15.19443,130.453113,14.764907
2022-02-15,sh.605111,53.48241818,55.4105182,53.21770686,54.37671318,3395541.0,3.3461,61.683295,15.51283,133.186767,15.074307
2022-02-16,sh.605111,54.37671318,55.088572,52.54161984,53.0138076,2657610.0,2.6189,60.137256,15.124014,129.848555,14.696482
2022-02-17,sh.605111,52.6560896,57.40300746,52.0837408,56.0544106,5035582.0,4.9623,64.098508,16.120236,138.401703,15.664542
2022-02-18,sh.605111,54.92044454,57.08821562,54.730854,55.74319594,2952125.0,2.9091,63.742632,16.030736,137.633296,15.577573
2022-02-21,sh.605111,55.267431,55.66449798,53.97249184,54.37671318,2343745.0,2.3096,62.180052,15.63776,134.259368,15.195706
2022-02-22,sh.605111,53.97249184,59.81402678,53.31071354,59.81402678,7419635.0,7.3116,68.397649,17.201434,147.684421,16.715176
2022-02-23,sh.605111,59.20590618,63.16584444,58.67290636,61.9746435,7724479.0,7.612,70.868325,17.822788,153.019114,17.318966
2022-02-24,sh.605111,61.1340062,63.1908847,60.1860535,62.57203256,6065524.0,5.9772,71.551442,17.994586,154.494103,17.485908
2022-02-25,sh.605111,64.60029362,65.44808528,61.4917242,62.17854276,5577704.0,5.4965,71.101485,17.881426,153.522553,17.375946
2022-02-28,sh.605111,61.6705832,63.66664964,61.527496,63.36616652,3781810.0,3.7267,72.459539,18.222965,0.0,17.70783
2022-03-01,sh.605111,63.91705224,64.79346134,62.62926744,64.01721328,3745909.0,3.6914,73.204014,18.410194,158.062341,17.889767
2022-03-02,sh.605111,63.137227,63.137227,60.70116742,62.8868244,3434579.0,3.3846,71.911408,18.085115,155.271343,17.573877
2022-03-03,sh.605111,62.87967004,63.30893164,59.81402678,60.454342,3577964.0,3.5259,69.129852,17.385577,149.265398,16.894114
2022-03-04,sh.605111,59.02347,63.1908847,58.63355738,61.169778,4786817.0,4.7171,59.499796,16.30038,151.031852,17.094044
2022-03-07,sh.605111,60.41141584,62.58634128,59.917765,61.35221418,4394536.0,4.3305,59.677251,16.348995,151.482298,17.145027
2022-03-08,sh.605111,61.527496,67.27960144,61.527496,64.4965554,7908759.0,7.7936,62.73575,17.186892,159.245865,18.02372
2022-03-09,sh.605111,64.925817,67.5013866,62.60065,67.41553428,9495461.0,9.3572,65.575038,17.964734,166.452999,18.839436
2022-03-10,sh.605111,69.397292,70.3989024,65.641253,66.1957159,7951486.0,7.8357,64.388522,17.63968,163.441195,18.498555
2022-03-11,sh.605111,64.03509918,66.74302444,63.68095836,65.77003148,5065057.0,4.9913,63.974459,17.526245,162.390154,18.379596
2022-03-14,sh.605111,64.746958,65.3908504,62.84032106,63.494945,3156430.0,3.1105,61.761484,16.919985,156.772829,17.743818
2022-03-15,sh.605111,62.242932,67.5371584,61.885214,64.75411236,6551393.0,6.456,62.986275,17.255525,159.881789,18.095695
2022-03-16,sh.605111,66.53197082,70.3989024,62.7437372,69.46168124,8288495.0,8.1678,67.565324,18.509987,171.505059,19.411237
2022-03-17,sh.605111,70.15923134,70.8639358,66.56416544,66.80025932,7016578.0,6.9144,64.976561,17.800777,164.933849,18.667496
2022-03-18,sh.605111,65.9274274,67.96642,65.20483704,65.92385022,3665501.0,3.6121,64.124078,17.567234,162.769942,18.422581
2022-03-21,sh.605111,65.22630012,69.23989608,64.39281718,68.74624524,5537597.0,5.457,66.86942,18.319339,169.738605,19.211307
2022-03-22,sh.605111,67.20805784,67.35114504,65.0331324,65.8916556,4854862.0,4.7842,64.092763,17.558655,126.458685,17.191079
2022-03-23,sh.605111,65.6770248,66.535548,64.6396426,66.17425282,3239236.0,3.1921,64.367645,17.633961,127.001044,17.264809
2022-03-24,sh.605111,64.93297136,64.9615888,60.94083848,61.34148264,5717491.0,5.6342,59.666813,16.346135,117.726034,16.003943
2022-03-25,sh.605111,61.527496,62.66503924,58.27583938,58.2901481,5532684.0,5.4521,56.698782,15.533023,111.869939,15.207852
2022-03-28,sh.605111,56.877162,59.02347,56.47651784,57.98251062,3527708.0,3.4763,56.399543,15.451044,111.279524,15.12759
2022-03-29,sh.605111,56.93439688,57.90738984,52.94941836,53.84729054,7092627.0,6.9894,52.377218,14.3491,103.343246,14.048714
2022-03-30,sh.605111,54.72012246,56.10449112,54.22289444,54.81670632,4449921.0,4.3851,53.320168,14.607428,105.20374,14.301634
2022-03-31,sh.605111,54.1227334,54.19069982,52.226828,52.4951165,4283130.0,4.2208,51.061959,13.988776,100.748166,13.695933
2022-04-01,sh.605111,52.1373985,53.2820961,51.48992892,52.15170722,3113019.0,3.0677,50.727925,13.897265,100.089097,13.606338
2022-04-06,sh.605111,51.68667382,51.68667382,49.48313094,49.82296304,3960105.0,3.9024,48.462758,13.276707,95.619792,12.99877
2022-04-07,sh.605111,49.82296304,50.57059366,48.3634736,48.40997694,3745211.0,3.6907,47.088347,12.900178,92.908002,12.630124
2022-04-08,sh.605111,48.90720496,49.543943,47.1651183,48.0415274,3702370.0,3.6485,46.729957,12.801994,92.200877,12.533995
2022-04-11,sh.605111,46.92902442,47.576494,45.43376318,45.7700181,3833879.0,3.7781,44.520461,12.196688,87.841416,11.94136
2022-04-12,sh.605111,45.94529992,46.324481,43.641596,44.8041795,4607643.0,4.5406,43.580991,11.939313,85.987787,11.689374
2022-04-13,sh.605111,44.26402532,44.26402532,42.5147843,42.91542846,3681309.0,3.6277,41.743804,11.436003,82.362913,11.1966
2022-04-14,sh.605111,43.77037448,46.324481,42.81169024,45.07604518,5732439.0,5.649,43.845434,12.011759,86.509549,11.760303
2022-04-15,sh.605111,43.999314,46.682199,43.7131396,46.1813938,4901493.0,4.8301,44.920606,12.30631,88.630924,12.048688
2022-04-18,sh.605111,46.1813938,49.3829699,45.51246114,49.19337936,6251486.0,6.1605,47.850362,13.108937,94.411501,12.834513
2022-04-19,sh.605111,48.60672184,49.007366,46.145622,46.72154798,5334865.0,5.2572,45.446014,12.450249,89.667584,12.189614
2022-04-20,sh.605111,46.50334,47.89128584,45.8057899,46.92902442,4751308.0,4.6821,41.825373,11.730433,54.592404,10.601888
2022-04-21,sh.605111,46.10627302,48.96801702,45.966763,46.50334,4895908.0,4.8246,41.445982,11.624028,54.097206,10.50572
2022-04-22,sh.605111,45.787904,47.8984402,44.71475,45.82725298,4526825.0,4.4609,40.843422,11.455033,53.310716,10.352983
2022-04-25,sh.605111,44.43930714,45.430186,42.03544218,42.12487168,3896055.0,3.8393,37.543684,10.529581,49.003746,9.516566
2022-04-26,sh.605111,42.6220997,43.45915982,41.14114718,41.7099188,3551947.0,3.5002,37.173858,10.425859,48.521033,9.422823
2022-04-27,sh.605111,40.77388214,45.88194069,40.24546229,45.796387,5343091.0,3.7609,40.617063,11.391548,53.015262,10.295606
2022-04-28,sh.605111,44.5885702,45.73599616,43.5317305,44.21112745,6550834.0,4.611,39.211088,10.997225,51.180118,9.93922
2022-04-29,sh.605111,45.0918272,46.42545825,43.97459666,45.86181041,7127521.0,5.017,40.675087,11.407821,53.090998,10.310314
2022-05-05,sh.605111,45.40887911,48.53913765,45.0415015,46.27448115,7425021.0,5.2264,41.041087,11.51047,53.568718,10.403088
2022-05-06,sh.605111,44.7395473,45.36861855,43.73806587,43.94440124,5361299.0,3.7737,38.974527,10.930878,50.871348,9.879256
2022-05-09,sh.605111,43.44114424,45.25790201,43.30526485,43.58708877,4364410.0,3.072,38.657624,10.841999,50.457713,9.798928
2022-05-10,sh.605111,42.7265193,47.306158,42.55541192,46.11343891,9273803.0,6.5277,40.898258,11.470412,53.382291,10.366883
2022-05-11,sh.605111,46.299644,49.319186,46.12853662,47.21053917,10537439.0,7.4171,41.871282,11.743309,54.652327,10.613525
2022-05-12,sh.605111,46.79283586,50.2250486,46.5009468,48.82599414,8304212.0,5.8452,43.304038,12.145142,56.522426,10.9767
2022-05-13,sh.605111,49.00213409,49.5708145,47.4571351,49.319186,6348813.0,4.4688,43.741452,12.26782,57.093359,11.087576
2022-05-16,sh.605111,49.3695117,49.81237786,47.23570202,47.37158141,6543094.0,4.6056,42.014111,11.783367,54.838754,10.64973
2022-05-17,sh.605111,47.62320991,51.9361224,46.85825927,50.828957,11165237.0,7.859,45.080476,12.643366,58.841115,11.426991
2022-05-18,sh.605111,50.828957,52.3890537,50.43641654,50.82392443,9442911.0,6.6467,45.076013,12.642114,58.835289,11.42586
2022-05-19,sh.605111,49.43493511,53.8988247,49.09272035,53.74281503,11165813.0,7.8594,47.664793,13.368169,62.214284,12.082063
2022-05-20,sh.605111,53.345242,54.2511046,52.14245777,53.32007915,7980071.0,5.6171,47.289866,13.263016,61.724912,11.987027
2022-05-23,sh.605111,53.5968705,56.10812293,52.90740841,55.9118527,7770018.0,5.4692,49.588524,13.907703,64.725227,12.56969
2022-05-24,sh.605111,55.35827,57.98023897,53.5968705,53.63209849,9394669.0,6.6128,47.566598,13.340629,62.086115,12.057173
2022-05-25,sh.605111,53.5465448,55.33310715,51.19130204,54.99592496,8988951.0,6.3272,48.776183,13.679872,63.664921,12.363778
2022-05-26,sh.605111,53.848499,54.17058348,51.4328654,52.49473767,8248921.0,5.8063,46.557866,13.057718,60.769472,11.80148
2022-05-27,sh.605111,52.841985,53.78810816,50.35086285,50.98496667,6618048.0,4.6583,45.218842,12.682172,59.021717,11.462064
2022-05-30,sh.605111,51.08561807,52.77656159,50.46661196,51.63920077,6343492.0,4.4651,45.799086,12.844909,59.779077,11.609144
2022-05-31,sh.605111,51.835471,52.33369543,50.16969033,52.05187151,8369123.0,5.8909,46.165086,12.947558,60.256797,11.701918
2022-06-01,sh.605111,52.01161095,54.1504532,51.5838425,52.11226235,8515158.0,5.9937,46.218647,12.96258,60.326708,11.715495
2022-06-02,sh.605111,51.835471,54.12529035,51.34731171,53.87366185,9765045.0,6.8735,47.780841,13.400716,62.365756,12.111479
2022-06-06,sh.605111,53.848499,57.3209723,53.35530714,57.1699952,12497637.0,8.7969,50.704377,14.220657,66.18169,12.852537
2022-06-07,sh.605111,58.8307433,58.881069,54.855013,56.03766695,11263235.0,7.928,49.700109,13.938998,64.870873,12.597975
2022-06-08,sh.605111,55.37336771,57.39646085,54.351756,55.50421453,8066620.0,5.678,49.226987,13.806305,64.253332,12.478048
2022-06-09,sh.605111,55.1066415,55.26768374,51.23659517,51.835471,10850691.0,7.6376,45.973159,12.89373,60.006286,11.653268
2022-06-10,sh.605111,51.3825397,53.5968705,51.23659517,52.91747355,9712229.0,6.8363,46.932793,13.162871,61.258844,11.896516
2022-06-13,sh.605111,52.19278347,56.1131555,52.0870995,54.56312394,13710373.0,9.6505,48.392329,13.572215,63.163898,12.266479
2022-06-14,sh.605111,53.47105625,54.09509493,50.53203537,52.47460739,11979472.0,8.4322,46.540013,13.052711,60.746169,11.796954
2022-06-15,sh.605111,52.0870995,54.6033845,51.84050357,52.63061706,9003524.0,6.3374,46.678378,13.091517,60.92677,11.832027
2022-06-16,sh.605111,52.47963996,55.74577789,52.47963996,54.57822165,10243119.0,7.21,48.405719,13.575971,63.181376,12.269873
2022-06-17,sh.605111,53.62203335,56.8177153,52.84701757,56.0125041,11474579.0,8.0768,49.677792,13.932739,64.841744,12.592318
2022-06-20,sh.605111,56.7170639,59.77183389,56.11818807,58.41303999,12500718.0,8.7991,51.80684,14.529856,67.620676,13.131989
2022-06-21,sh.605111,57.9248807,62.0515881,57.9248807,58.85590615,13493681.0,9.498,52.199621,14.640016,68.133351,13.231551
2022-06-22,sh.605111,58.38284457,60.39084,57.44175398,59.29373974,9394634.0,6.6127,52.587938,14.748925,68.6402,13.329981
2022-06-23,sh.605111,59.21321862,62.27805375,59.15282778,62.0515881,10665338.0,7.5072,55.033888,15.434921,71.832767,13.94998
2022-06-24,sh.605111,62.907125,67.93466243,62.907125,63.5613591,14009952.0,9.8614,56.372912,15.810467,73.580523,14.289396
2022-06-27,sh.605111,63.90860643,65.2724329,62.7058222,64.07971381,10542346.0,7.4206,56.832644,15.939404,74.180586,14.405929
2022-06-28,sh.605111,63.410382,65.67000593,59.887583,65.59954995,12414579.0,8.7384,58.180595,16.317453,75.939994,14.747607
2022-06-29,sh.605111,64.6685245,66.57083596,62.907125,62.907125,10358389.0,7.2911,55.792669,15.64773,72.823162,14.142316
2022-06-30,sh.605111,62.8064736,64.2659189,61.5483311,63.31476317,10218282.0,7.1925,56.154205,15.749127,73.295056,14.233958
2022-07-01,sh.605111,63.54122882,64.60813366,60.37070972,60.69782677,9689183.0,6.8201,53.83323,15.098182,70.265613,13.645638
2022-07-04,sh.605111,59.384326,59.68124763,57.34613515,59.1830232,9275691.0,6.529,52.489743,14.721385,68.512031,13.305091
2022-07-05,sh.605111,58.98675297,60.63743593,57.9752064,59.42961913,6713109.0,4.7253,52.70845,14.782724,68.797498,13.360529
2022-07-06,sh.605111,58.85590615,61.81505731,58.8307433,60.2901886,8426034.0,5.931,53.471694,14.996785,69.793719,13.553996
2022-07-07,sh.605111,60.59717537,64.63329651,59.97816926,64.02435554,12315599.0,8.6688,56.783546,15.925634,74.116502,14.393484
2022-07-08,sh.605111,65.6750385,70.42578458,65.6750385,68.69961307,20051604.0,14.114,60.930058,17.088573,79.528719,15.44454
2022-07-11,sh.605111,67.939695,70.44591486,65.36301916,67.1848095,15333430.0,10.793,59.58657,16.711776,77.775137,15.103993
2022-07-12,sh.605111,67.0338324,67.8893693,63.74756419,63.82808531,9176925.0,6.4595,56.609473,15.876813,73.889293,14.349359
2022-07-13,sh.605111,63.97906241,64.72388277,61.74460133,63.94383442,7107082.0,5.0026,56.712132,15.905605,74.023288,14.375381
2022-07-14,sh.605111,63.95389956,67.18984207,63.6620105,66.24371891,7399039.0,5.2081,58.751912,16.477686,76.685703,14.892424
2022-07-15,sh.605111,65.42844257,69.96278814,64.72891534,67.24520034,8573486.0,6.0347,59.640131,16.726798,77.845047,15.11757
2022-07-18,sh.605111,66.933181,68.1913235,64.84969702,67.2351352,6691863.0,4.7103,59.631204,16.724294,77.833396,15.115307
2022-07-19,sh.605111,67.09925581,68.23158406,63.63684765,64.35147259,8610777.0,6.061,57.073668,16.007002,74.495182,14.467024
2022-07-20,sh.605111,64.72388277,65.73039677,63.7123362,63.74253162,6271791.0,4.4146,56.533595,15.855532,73.790254,14.330126
2022-07-21,sh.605111,63.913639,66.60606395,62.907125,64.14010465,8485872.0,5.9731,56.886205,15.954426,74.250496,14.419505
2022-07-22,sh.605111,64.41186343,64.74401305,60.3405143,60.7934456,8765707.0,6.1701,53.918035,15.121966,70.376304,13.667134
2022-07-25,sh.605111,60.19960234,61.1457255,58.36774686,58.60427765,6613544.0,4.6552,51.97645,14.577425,67.842058,13.174982
2022-07-26,sh.605111,58.6294405,59.47994483,57.93494584,59.4346517,4528656.0,3.1877,52.712913,14.783975,68.803324,13.36166
2022-07-27,sh.605111,59.384326,60.05365781,58.66970106,59.9882344,5332101.0,3.7532,53.203889,14.921675,69.444168,13.486113
2022-07-28,sh.605111,61.0450741,65.67000593,60.9444227,64.88492501,12033522.0,8.4702,57.54679,16.139695,75.112722,14.58695
2022-07-29,sh.605111,64.416896,64.87989244,62.40890057,63.19901406,7298727.0,5.1375,56.051547,15.720336,73.161062,14.207936
2022-08-01,sh.605111,62.403868,63.57645681,60.05365781,61.4476797,7384748.0,5.198,54.498279,15.284703,71.133665,13.814214
2022-08-02,sh.605111,60.4914914,63.7123362,60.0385601,61.81505731,7458984.0,5.2503,54.824108,15.376086,71.558952,13.896805
2022-08-03,sh.605111,62.8567993,63.85324816,60.90416214,62.02642525,7927228.0,5.5799,55.011571,15.428662,71.803638,13.944324
2022-08-04,sh.605111,61.72950362,62.2025652,59.6862802,60.1895372,7690111.0,5.413,53.382425,14.971748,69.677202,13.531368
2022-08-05,sh.605111,61.900611,66.20849092,61.7496339,66.20849092,9786666.0,6.8887,58.720668,16.468923,76.644922,14.884505
2022-08-08,sh.605111,68.442952,68.88581816,65.01577183,67.75852248,17105650.0,12.0404,60.095399,16.854483,78.439284,15.232971
2022-08-09,sh.605111,67.75852248,67.8390436,64.2659189,67.06402782,11027426.0,7.762,59.479448,16.681732,77.635317,15.07684
2022-08-10,sh.605111,65.51902883,69.92252758,65.1717815,66.70671535,10048716.0,7.0731,59.162546,16.592853,77.221681,14.996512
2022-08-11,sh.605111,67.60754538,67.7887179,65.02583697,65.56432196,7756629.0,5.4598,58.149351,16.30869,75.899213,14.739687
2022-08-12,sh.605111,65.2724329,65.86627616,62.48438912,62.5045194,7697915.0,5.4184,59.009576,16.549951,77.022018,14.957737
2022-08-15,sh.605111,62.56994281,63.4607077,61.397354,63.4607077,5325095.0,3.7483,59.912299,16.80313,78.200293,15.186559
2022-08-16,sh.605111,63.4607077,64.0142904,62.2528909,63.0581021,5664560.0,3.9872,59.532205,16.696528,77.704177,15.090213
2022-08-17,sh.605111,62.907125,64.9704787,62.49445426,64.9704787,7102136.0,4.9991,61.337651,17.202888,80.060729,15.547857
2022-08-18,sh.605111,63.63684765,63.913639,60.894097,63.40031686,12565584.0,8.8447,56.997579,16.012984,88.340549,15.494464
2022-08-19,sh.605111,62.907125,65.50393112,62.58504052,62.74608276,6570726.0,4.625,56.409415,15.847744,87.428954,15.334575
2022-08-22,sh.605111,61.900611,63.27953518,61.0450741,62.29818403,5285929.0,3.7207,56.006749,15.734619,86.804862,15.225113
2022-08-23,sh.605111,61.6993082,62.6554965,61.67414535,61.7999596,3620894.0,2.5487,55.55884,15.608782,86.110648,15.103351
2022-08-24,sh.605111,61.8502853,62.17236978,57.72861047,57.89971785,7322939.0,5.1545,52.05248,14.6237,80.67614,14.150167
2022-08-25,sh.605111,57.874555,58.50865882,54.77952445,55.56963794,6953717.0,4.8946,49.957713,14.035193,77.42946,13.580717
2022-08-26,sh.605111,56.364784,56.7673896,53.89379213,54.09509493,5049544.0,3.5543,48.632082,13.662769,75.374866,13.220352
2022-08-29,sh.605111,52.6910079,54.78455702,51.9864481,53.74281503,5088249.0,3.5815,48.315379,13.573794,74.884007,13.134258
2022-08-30,sh.605111,53.62706592,54.89527356,53.33517686,54.28633259,4301120.0,3.0275,48.804007,13.71107,75.641332,13.267089
2022-08-31,sh.605111,53.87366185,54.14542063,51.02019466,51.90089441,6759329.0,4.7578,46.659472,13.108581,72.317517,12.684109
2022-09-01,sh.605111,52.16762062,53.07348322,51.332214,51.58887507,4043012.0,2.8458,46.378963,13.029774,71.882757,12.607854
2022-09-02,sh.605111,51.95122011,52.4393794,50.94973868,51.97638296,3520047.0,2.4777,46.727337,13.127647,72.422701,12.702558
2022-09-05,sh.605111,51.5838425,53.34020943,50.5270028,52.71113818,5328867.0,3.7509,47.38789,13.313224,73.446492,12.882125
2022-09-06,sh.605111,52.71617075,54.59835193,52.5903565,53.9994761,5548215.0,3.9053,48.54612,13.638618,75.241633,13.196984
2022-09-07,sh.605111,54.01457381,55.50421453,53.4962191,54.10516007,5916463.0,4.1645,48.641131,13.665311,75.388891,13.222812
2022-09-08,sh.605111,54.1504532,54.45743997,53.11877635,53.70758704,3728304.0,2.6243,48.283709,13.564896,74.834921,13.125649
2022-09-09,sh.605111,53.55157737,53.82333615,52.2884023,52.98289696,3448400.0,2.4273,47.632204,13.381862,73.825155,12.948541
2022-09-13,sh.605111,53.13890663,54.06489951,52.67591019,52.92250612,2401671.0,1.6905,47.577912,13.366609,73.741008,12.933782
2022-09-14,sh.605111,51.83043843,53.32511172,51.44293054,52.02670866,3308218.0,2.3286,46.77258,13.140358,72.492824,12.714857
2022-09-15,sh.605111,52.32866286,52.58532393,48.33280228,49.32925114,6618699.0,4.6588,44.347537,12.459062,68.734248,12.055623
2022-09-16,sh.605111,49.30912086,50.0237458,48.6146262,48.69011475,3476109.0,2.4468,43.772946,12.297636,67.84369,11.899424
2022-09-19,sh.605111,48.44351882,49.5708145,47.15014833,47.54772136,4154944.0,2.9246,42.745922,12.009102,66.251906,11.620233
2022-09-20,sh.605111,47.84967556,48.312672,46.91865011,48.04594579,3147496.0,2.2155,43.193831,12.134939,66.94612,11.741995
2022-09-21,sh.605111,47.809415,48.24724859,47.10988777,47.17531118,3131117.0,2.2039,42.411121,11.915043,65.732998,11.529219
2022-09-22,sh.605111,46.58146792,47.63327505,46.58146792,47.30112543,3147436.0,2.2154,42.524229,11.94682,65.908305,11.559967
2022-09-23,sh.605111,47.50242823,47.54268879,45.22267402,45.72089845,4622499.0,3.2537,41.103588,11.547703,63.706452,11.173774
2022-09-26,sh.605111,45.42397682,46.53114222,45.33842313,45.65547504,3992105.0,2.81,41.044772,11.531179,63.615293,11.157785
2022-09-27,sh.605111,45.97755952,46.7525753,45.4441071,46.04298293,4645396.0,3.2698,41.393146,11.629051,64.155238,11.252489
2022-09-28,sh.605111,45.87690812,45.95239667,44.286616,44.30674628,3289993.0,2.3158,39.83225,11.190531,61.736005,10.828168
2022-09-29,sh.605111,44.61876562,45.4441071,44.29164857,44.63386333,3717258.0,2.6165,40.126332,11.273151,62.191803,10.908112
2022-09-30,sh.605111,44.6388959,44.67915646,42.78187757,42.78187757,3724821.0,2.6218,38.461376,10.805396,59.611288,10.455504
2022-10-10,sh.605111,42.5252165,43.05363635,40.6128399,40.73865415,4462038.0,3.1408,36.624496,10.28934,56.764307,9.956159
2022-10-11,sh.605111,40.79904499,40.88963125,39.31443684,39.71200987,5770106.0,4.0615,35.701531,10.030041,55.333805,9.705256
2022-10-12,sh.605111,39.93344295,41.35766026,39.1533946,41.35766026,6844112.0,4.8175,37.180989,10.445682,57.626816,10.107438
2022-10-13,sh.605111,40.8644684,42.3742394,40.6128399,41.53883278,6134404.0,4.3179,37.343865,10.49144,57.879258,10.151715
2022-10-14,sh.605111,42.5252165,42.5252165,41.33752998,42.22829487,6782293.0,4.774,37.963699,10.665578,58.839939,10.320213
2022-10-17,sh.605111,41.70490759,43.15428775,41.6193539,42.9781478,5671290.0,3.9919,38.637825,10.854968,59.884767,10.503471
2022-10-18,sh.605111,43.2297763,43.280102,42.1226109,42.65103075,4578280.0,3.2226,38.343743,10.772348,59.428969,10.423526
2022-10-19,sh.605111,42.5755422,44.25642058,42.3239137,42.5252165,7376628.0,5.1923,38.230635,10.740571,59.253662,10.392778
2022-10-20,sh.605111,41.70490759,44.22119259,41.5690282,43.45624195,9469208.0,6.6652,39.067637,10.975719,60.550932,10.620312
2022-10-21,sh.605111,43.03350607,43.55689335,42.0219595,42.76677986,5963284.0,4.1975,38.447803,10.801582,59.590251,10.451814
2022-10-24,sh.605111,42.90769182,44.0349875,41.91124296,42.33901141,5444692.0,3.8324,38.063235,10.693541,58.994209,10.347271
2022-10-25,sh.605111,42.23332744,42.94795238,41.54386535,41.89614525,4569863.0,3.2167,37.665093,10.581687,58.377129,10.239039
2022-10-26,sh.605111,40.26056,42.273588,38.90679867,41.88608011,9960477.0,7.011,41.033776,10.328433,11.319424,5.444048
2022-10-27,sh.605111,41.64451675,42.55541192,41.0154455,41.37275797,5906109.0,4.1572,40.530899,10.201856,11.180702,5.37733
2022-10-28,sh.605111,41.15132489,42.2232623,39.17855745,39.50064193,7244830.0,5.0995,38.696877,9.740222,10.674776,5.134006
2022-10-31,sh.605111,39.01248264,41.95150352,38.78098442,40.85943583,6632594.0,4.6686,40.028022,10.075279,11.04198,5.310612
2022-11-01,sh.605111,40.93995695,43.0284735,40.51722107,43.01337579,7667594.0,5.3971,42.138133,10.606406,11.624068,5.590565
2022-11-02,sh.605111,43.01337579,43.9846618,42.776845,43.63741447,6597276.0,4.6437,42.749474,10.760284,11.79271,5.671673
2022-11-03,sh.605111,43.15932032,45.0918272,42.91775696,44.8401987,8042740.0,5.6612,43.927784,11.056871,12.117754,5.828002
2022-11-04,sh.605111,45.15221804,46.06814578,44.21616002,45.77625672,7555986.0,5.3185,44.844795,11.287688,12.370717,5.949664
2022-11-07,sh.605111,45.5950842,47.74902416,45.32332542,46.9538781,7877061.0,5.5445,45.998454,11.57807,12.688961,6.102723
2022-11-08,sh.605111,46.83309642,47.38164655,45.58501906,45.83161499,4817349.0,3.3909,44.899026,11.301338,12.385678,5.956859
2022-11-09,sh.605111,45.83664756,46.12350405,45.04653407,45.2428043,3795546.0,2.6716,44.322197,11.156147,12.226555,5.88033
2022-11-10,sh.605111,44.87039412,45.7460613,44.0853132,44.34197427,5109397.0,3.5964,43.439697,10.934017,11.983112,5.763247
2022-11-11,sh.605111,46.13860176,46.1486669,44.52314679,44.65399361,5346258.0,3.7632,43.745367,11.010956,12.067433,5.803801
2022-11-14,sh.605111,44.66909132,45.56992135,43.84878241,44.12557376,4302612.0,3.0285,43.2277,10.880656,11.924632,5.735121
2022-11-15,sh.605111,44.286616,47.57288421,44.1356389,47.33132085,9846174.0,6.9306,46.368216,11.671141,12.790963,6.15178
2022-11-16,sh.605111,47.33132085,47.57288421,46.299644,46.36506741,5163367.0,3.6344,45.421624,11.432879,12.529839,6.026194
2022-11-17,sh.605111,45.88697326,47.38667912,45.29313,47.16021347,6275542.0,4.4173,46.20059,11.628949,12.744722,6.129541
2022-11-18,sh.605111,46.802901,47.75405673,45.68063789,45.72593102,5359592.0,3.7725,44.795493,11.275278,12.357117,5.943123
2022-11-21,sh.605111,45.29313,46.48081652,45.04653407,46.33990456,3240139.0,2.2807,45.396973,11.426674,12.523039,6.022923
2022-11-22,sh.605111,46.07821092,46.89348726,45.11699005,45.43907453,4183742.0,2.9449,44.514473,11.204544,12.279596,5.90584
2022-11-23,sh.605111,45.29313,45.71586588,43.4310791,44.17086689,5267131.0,3.7075,43.272071,10.891824,11.936872,5.741007
2022-11-24,sh.605111,44.44765824,45.01633865,43.69780531,44.6892216,3222265.0,2.2681,43.779879,11.019642,12.076954,5.808379
2022-11-25,sh.605111,44.57347249,45.62527962,43.5820562,43.62734933,3158264.0,2.2231,42.739613,10.757802,11.78999,5.670365
2022-11-28,sh.605111,42.776845,43.61728419,42.56547706,43.08886434,2591642.0,1.8242,42.212086,10.62502,11.644468,5.600377
2022-11-29,sh.605111,43.1794506,44.8401987,42.95801752,44.72948216,3893997.0,2.7409,43.81932,11.02957,12.087834,5.813612
2022-11-30,sh.605111,44.3872674,45.38371626,44.23125773,45.00627351,2984080.0,2.1004,44.090479,11.097822,12.162635,5.849588
2022-12-01,sh.605111,45.39881397,46.0983412,44.73451473,44.88045926,3697461.0,2.6026,43.967225,11.066798,12.128634,5.833235
2022-12-02,sh.605111,44.50804908,45.1924786,43.9343361,44.17086689,3004733.0,2.115,43.30826,10.900933,11.946855,5.745809
2022-12-05,sh.605111,44.29668114,44.77477529,43.48643737,44.11047605,2962258.0,2.0851,43.249049,10.886029,11.930521,5.737953
2022-12-06,sh.605111,44.11047605,45.41894425,43.87394526,44.48288623,5006608.0,3.5241,43.614186,10.977937,12.031246,5.786397
2022-12-07,sh.605111,44.36210455,44.73451473,43.8336847,44.0349875,3108589.0,2.1881,43.175034,10.8674,11.910104,5.728133
2022-12-08,sh.605111,43.8336847,44.16583432,43.11905976,43.21971116,3582575.0,2.5217,42.375679,10.666197,11.689596,5.622081
2022-12-09,sh.605111,43.20964602,43.71290302,42.7265193,42.8774964,3845109.0,2.7065,42.040148,10.581742,11.597038,5.577565
2022-12-12,sh.605111,42.776845,44.42249539,42.5755422,43.64244704,4422002.0,3.1126,42.79016,10.770525,11.803933,5.677071
2022-12-13,sh.605111,43.25493915,43.4814048,42.03705721,42.0722852,4049646.0,2.8505,41.250661,10.383024,11.379253,5.472822
2022-12-14,sh.605111,42.9781478,43.57199106,42.29875085,42.42959767,4380900.0,3.0837,41.600996,10.471205,11.475895,5.519302
2022-12-15,sh.605111,42.24842515,44.0349875,41.770331,43.40591625,5737499.0,4.0385,42.558248,10.712151,11.739959,5.646303
2022-12-16,sh.605111,43.03350607,43.25493915,41.81562413,41.83072184,3881845.0,2.7324,41.013816,10.323409,11.313918,5.441399
2022-12-19,sh.605111,41.81059156,42.09744805,40.99028265,41.15635746,2239222.0,1.5762,40.352621,10.156982,11.131523,5.353677
2022-12-20,sh.605111,40.95505466,42.0219595,40.95505466,41.45327909,2380066.0,1.6753,40.643744,10.23026,11.211831,5.392301
2022-12-21,sh.605111,41.5187025,41.66464703,40.15487603,40.49205822,2857839.0,2.0116,39.701294,9.99304,10.951851,5.267264
2022-12-22,sh.605111,40.59774219,40.79401242,39.17855745,39.254046,3348010.0,2.3566,38.487459,9.687511,10.617007,5.106222
2022-12-23,sh.605111,38.8514404,39.45031623,37.3416694,38.12171775,4346788.0,3.0596,37.377244,9.408063,10.310747,4.958927
2022-12-26,sh.605111,37.7946007,40.16997374,37.7946007,40.05422463,4014511.0,2.8258,39.272011,9.884987,10.83343,5.21031
2022-12-27,sh.605111,40.05422463,40.38637425,39.48554422,40.14984346,2285271.0,1.6086,39.365763,9.908584,10.859292,5.222748
2022-12-28,sh.605111,39.9586058,40.23036458,39.5056745,39.757303,1956280.0,1.377,38.980888,9.811709,10.753122,5.171686
2022-12-29,sh.605111,39.70194473,40.03409435,39.38992539,39.44528366,1752399.0,1.2335,38.674962,9.734706,10.66873,5.131098
2022-12-30,sh.605111,39.76736814,39.92337781,38.91686381,39.04267806,1934135.0,1.3614,38.280219,9.635347,10.559838,5.078727
2023-01-03,sh.605111,39.04771063,39.88311725,38.71556101,39.79253099,2319881.0,1.6329,39.015428,9.820403,10.76265,5.176269
2023-01-04,sh.605111,39.72710758,40.35114626,38.8011147,39.07790605,2986014.0,2.1018,38.314759,9.644041,10.569366,5.083309
2023-01-05,sh.605111,39.0024175,39.47547908,38.6501376,39.254046,3631504.0,2.5562,38.487459,9.687511,10.617007,5.106222
2023-01-06,sh.605111,39.19868773,43.1794506,39.1030689,42.37927197,12944534.0,9.1115,41.551653,10.458785,11.462284,5.512756
2023-01-09,sh.605111,42.273588,45.4441071,42.1729366,44.97104552,13373728.0,9.4136,44.092812,11.098409,12.163278,5.849897
2023-01-10,sh.605111,45.18744603,45.69070303,44.56340735,45.18241346,5907329.0,4.1581,44.300052,11.150573,12.220447,5.877392
2023-01-11,sh.605111,45.25790201,46.07317835,44.32687656,44.32687656,4616617.0,3.2496,43.461223,10.939435,11.98905,5.766103
2023-01-12,sh.605111,44.79993814,44.83013356,43.8336847,44.43256053,3865158.0,2.7206,43.564843,10.965517,12.017635,5.77985
2023-01-13,sh.605111,44.50301651,44.6892216,43.64244704,43.95446638,2513646.0,1.7693,43.096086,10.847528,11.888325,5.717659
2023-01-16,sh.605111,44.06015035,46.24428573,44.01485722,45.76619158,6082369.0,4.2813,44.87243,11.294644,12.378341,5.953331
2023-01-17,sh.605111,45.72089845,46.299644,45.14718547,45.3434557,4092938.0,2.881,44.45795,11.190317,12.264004,5.898341
2023-01-18,sh.605111,46.299644,46.6015982,45.23273916,45.43404196,3143256.0,2.2125,44.546767,11.212672,12.288505,5.910124
2023-01-19,sh.605111,45.4441071,46.03795036,45.0415015,45.70580074,2743424.0,1.9311,44.813219,11.27974,12.362007,5.945475
2023-01-20,sh.605111,45.72089845,46.03291779,45.29816257,45.87187555,2955018.0,2.08,44.97605,11.320725,12.406925,5.967078
2023-01-30,sh.605111,46.58146792,46.58146792,45.17738089,45.26796715,4806724.0,3.3834,44.383935,11.171687,12.243586,5.888521
2023-01-31,sh.605111,45.29313,45.4944328,44.1356389,44.47785366,3587664.0,2.5253,43.609252,10.976695,12.029885,5.785742
2023-02-01,sh.605111,44.50804908,46.46571881,44.50804908,46.26441601,6230893.0,4.3858,45.360925,11.417601,12.513095,6.018141
2023-02-02,sh.605111,46.26944858,47.23066945,45.87187555,46.5512725,4943843.0,3.4799,45.642179,11.488394,12.590681,6.055455
2023-02-03,sh.605111,46.6015982,47.1048552,45.20254374,46.12350405,3663737.0,2.5788,45.222765,11.382825,12.474983,5.999811
2023-02-06,sh.605111,45.5447585,46.22415545,45.35352084,45.43404196,2384678.0,1.6785,44.546767,11.212672,12.288505,5.910124
2023-02-07,sh.605111,45.62024705,45.7460613,44.7395473,45.10692491,2634869.0,1.8546,44.226038,11.131943,12.200029,5.867572
2023-02-08,sh.605111,45.13712033,46.5512725,44.30171371,44.34197427,4187009.0,2.9472,43.476026,10.943161,11.993134,5.768067
2023-02-09,sh.605111,44.286616,46.802901,43.71793559,46.6519239,7555640.0,5.3183,45.740865,11.513234,12.617904,6.068548
2023-02-10,sh.605111,46.6519239,47.0042038,45.17738089,45.5950842,5416513.0,3.4954,44.704664,11.252416,12.332061,5.931073
2023-02-13,sh.605111,45.51456308,46.37513255,44.8905244,45.57998649,4257657.0,2.7476,44.689861,11.24869,12.327978,5.929109
2023-02-14,sh.605111,45.5950842,46.76264044,44.5382445,44.95594781,6607479.0,4.264,44.078009,11.094684,12.159195,5.847933
2023-02-15,sh.605111,44.9408501,45.0918272,44.3369417,44.82006842,3578418.0,2.3093,43.944784,11.06115,12.122444,5.830258
2023-02-16,sh.605111,44.72948216,45.16731575,42.73155187,42.9781478,7005664.0,4.521,42.138834,10.606582,11.624261,5.590658
2023-02-17,sh.605111,43.1794506,43.1794506,41.0657712,41.13622718,6053720.0,3.9066,40.332884,10.152014,11.126078,5.351059
2023-02-20,sh.605111,41.3173997,41.34256255,40.40650453,41.26204143,5048329.0,3.2578,40.456241,10.183064,11.160107,5.367425
2023-02-21,sh.605111,41.40295339,41.76026586,40.70342616,41.27713914,3863230.0,2.4931,40.471044,10.18679,11.164191,5.369389
2023-02-22,sh.605111,40.82924041,41.3677254,40.78897985,41.00034779,3309635.0,2.1358,40.199658,10.118481,11.089327,5.333383
2023-02-23,sh.605111,40.99531522,41.3677254,40.90976153,41.1664226,2848188.0,1.838,40.362489,10.159466,11.134245,5.354986
2023-02-24,sh.605111,41.3677254,41.57909334,40.60277476,40.74368672,3258719.0,2.1029,39.948009,10.055139,11.019908,5.299996
2023-02-27,sh.605111,40.26056,40.79401242,40.08442005,40.24042972,2485364.0,1.6039,39.45458,9.93094,10.883793,5.234532
2023-02-28,sh.605111,40.58767705,40.70342616,39.83782412,40.34108112,2278699.0,1.4705,39.553266,9.95578,10.911016,5.247625
2023-03-01,sh.605111,40.35114626,40.65813303,40.1095829,40.57257934,2324395.0,1.5,39.780243,10.012912,10.973629,5.277738
2023-03-02,sh.605111,40.67323074,40.84937069,40.08945262,40.18003888,2954330.0,1.9065,39.395369,9.916036,10.867459,5.226676
2023-03-03,sh.605111,40.58767705,41.0657712,40.2102343,40.8141427,4370344.0,2.8203,40.017089,10.072527,11.038965,5.309161
2023-03-06,sh.605111,40.88459868,41.3677254,40.2102343,41.14125975,4129908.0,2.6652,40.337818,10.153256,11.12744,5.351713
2023-03-07,sh.605111,41.1664226,41.22681344,40.08442005,40.13977832,3482829.0,2.2476,39.355894,9.9061,10.85657,5.221439
2023-03-08,sh.605111,39.88311725,40.34611369,39.757303,39.94350809,2602259.0,1.6793,39.163457,9.857663,10.803485,5.195908
2023-03-09,sh.605111,39.98376865,40.75878443,39.98376865,40.22533201,3941537.0,2.5436,39.439777,9.927214,10.879709,5.232568
2023-03-10,sh.605111,39.97370351,40.37630911,39.08293862,39.46038137,4209354.0,2.7164,38.689765,9.738432,10.672814,5.133062
2023-03-13,sh.605111,39.25907857,39.94854066,38.75582157,39.89821496,3665082.0,2.3652,39.119048,9.846485,10.791234,5.190016
2023-03-14,sh.605111,39.7069773,40.5121885,39.26411114,40.5121885,4915347.0,3.172,39.721032,9.998008,10.957295,5.269883
2023-03-15,sh.605111,40.6631656,41.17648774,40.18003888,40.23539715,4374483.0,2.823,39.449646,9.929698,10.882432,5.233877
2023-03-16,sh.605111,39.83782412,40.4618628,38.750789,38.93196152,4746115.0,3.0628,38.169156,9.607392,10.529201,5.063992
2023-03-17,sh.605111,39.25907857,39.42515338,38.15191317,38.18714116,5872246.0,3.7895,37.438929,9.42359,10.327763,4.967111
2023-03-20,sh.605111,37.96570808,40.26056,37.77447042,39.9586058,7737867.0,4.9935,39.175685,9.860741,10.806858,5.19753
2023-03-21,sh.605111,40.75878443,41.65961446,40.20016916,40.89969639,7823621.0,5.5069,39.778531,9.559011,10.304377,5.147913
2023-03-22,sh.605111,41.10603176,41.20668316,40.45179766,40.74368672,4648057.0,3.2717,39.626798,9.522549,10.265072,5.128277
2023-03-23,sh.605111,40.70342616,41.94647095,40.5121885,41.94143838,8988859.0,6.3271,40.791716,9.802485,10.566836,5.279034
2023-03-24,sh.605111,42.16790403,42.33397884,41.44824652,41.770331,5877216.0,4.1369,40.6253,9.762494,10.523727,5.257497
2023-03-27,sh.605111,41.9213081,42.01692693,40.8644684,41.03557578,4939914.0,3.4771,39.910686,9.590769,10.338611,5.165016
2023-03-28,sh.605111,41.25700886,41.267074,40.06428977,40.08945262,4115014.0,2.8965,38.990498,9.369642,10.100242,5.045931
2023-03-29,sh.605111,39.94350809,42.11757833,39.94350809,41.68980988,7115893.0,4.5921,40.546986,9.743675,10.50344,5.247362
2023-03-30,sh.605111,41.8709824,43.01840836,41.67471217,42.05718749,7776637.0,5.0185,40.904293,9.829538,10.595999,5.293603
2023-03-31,sh.605111,41.91124296,42.40946739,41.44824652,41.76529843,4908416.0,3.1675,40.620405,9.761318,10.522459,5.256864
2023-04-03,sh.605111,41.76026586,43.1794506,41.70994016,43.09892948,8504420.0,5.4882,41.917478,10.073012,10.858458,5.424724
2023-04-04,sh.605111,42.96808266,43.85884755,42.70638902,43.20461345,9643065.0,6.1914,42.020265,10.097713,10.885084,5.438026
2023-04-06,sh.605111,43.2297763,45.92220125,43.2297763,44.9911758,13695040.0,8.7929,43.757853,10.515265,11.335195,5.662895
2023-04-07,sh.605111,45.33339056,45.5447585,44.1356389,44.96601295,8657735.0,5.5587,43.73338,10.509384,11.328856,5.659728
2023-04-10,sh.605111,45.1421529,45.29313,43.31532999,43.52669793,8205638.0,5.2684,42.33352,10.17299,10.966231,5.478566
2023-04-11,sh.605111,43.95949895,44.49798394,43.3807534,44.29164857,5835556.0,3.7467,43.077501,10.351773,11.158955,5.574847
2023-04-12,sh.605111,44.29164857,44.92575239,43.8336847,44.91568725,6403929.0,4.1117,43.684434,10.497622,11.316176,5.653393
2023-04-13,sh.605111,44.47785366,44.91065468,42.80200785,42.90265925,6708792.0,4.3074,41.726588,10.02714,10.809009,5.40002
2023-04-14,sh.605111,43.21971116,44.32184399,42.5755422,44.1356389,6896181.0,4.4277,42.925768,10.31531,11.119649,5.555211
2023-04-17,sh.605111,44.12054119,44.5382445,43.37068826,43.67767503,4899002.0,3.1454,42.480358,10.208276,11.004268,5.497569
2023-04-18,sh.605111,43.40591625,43.62231676,42.21319716,42.63593304,5503868.0,3.5338,41.467173,9.964802,10.741809,5.366448
2023-04-19,sh.605111,42.53528164,43.29016714,41.9716338,42.22829487,5511908.0,3.5389,41.070709,9.869529,10.639108,5.31514
2023-04-20,sh.605111,42.15280632,42.6761936,41.48347451,41.57909334,5311066.0,3.41,40.439304,9.717799,10.475546,5.233427
2023-04-21,sh.605111,41.53883278,41.53883278,38.750789,39.24901343,8657906.0,5.5588,38.173098,9.173216,9.8885,4.940147
2023-04-24,sh.605111,39.022371,39.2277519,37.1031219,37.2164355,7537307.0,3.4567,36.009678,8.653334,9.32808,4.66017
2023-04-25,sh.605111,37.181025,37.3864059,34.8580962,35.1130518,9174484.0,4.2075,33.974498,8.164268,8.800879,4.396788
2023-04-26,sh.605111,35.127216,36.0195606,34.8651783,35.4529926,6882472.0,3.1564,34.303416,8.243309,8.886083,4.439355
2023-04-27,sh.605111,34.5039912,35.4600747,33.3425268,33.7886991,10804451.0,4.955,36.691745,8.065126,10.884952,4.179494
2023-04-28,sh.605111,33.7886991,34.5464838,33.3425268,33.923259,7135252.0,3.2723,36.837866,8.097245,10.9283,4.196138
2023-05-04,sh.605111,33.7745349,33.7745349,32.5280853,32.7476304,6919863.0,3.1735,35.56123,7.816631,10.549574,4.050719
2023-05-05,sh.605111,32.931765,33.073407,31.8411216,31.9261068,5760548.0,2.6418,34.669123,7.620539,10.284922,3.9491
2023-05-08,sh.605111,31.9261068,32.3581149,31.6782333,31.940271,4584436.0,2.1025,34.684504,7.62392,10.289485,3.950852
2023-05-09,sh.605111,31.9473531,31.9827636,30.8425455,30.9062844,7474377.0,3.4278,33.56168,7.377114,9.956389,3.822953
2023-05-10,sh.605111,30.8496276,31.1541579,30.2688954,30.877956,5629697.0,2.5818,33.530917,7.370352,9.947263,3.819449
2023-05-11,sh.605111,31.0266801,31.4799345,30.8637918,31.0479264,4959895.0,2.2747,33.715491,7.410923,10.002018,3.840474
2023-05-12,sh.605111,31.16124,31.5011808,30.1130892,30.2618133,5251671.0,2.4085,32.861837,7.223283,9.748774,3.743235
2023-05-15,sh.605111,30.1130892,30.948777,30.0422682,30.948777,4966694.0,2.2778,33.607823,7.387257,9.970077,3.828209
2023-05-16,sh.605111,30.948777,31.7136438,30.6796572,31.1470758,5860309.0,2.6876,33.823159,7.434589,10.033959,3.852738
2023-05-17,sh.605111,31.16124,31.6144944,30.8921202,31.2391431,4789021.0,2.1963,33.923137,7.456565,10.063618,3.864126
2023-05-18,sh.605111,31.0762548,31.302882,30.6300825,30.9204486,4075567.0,1.8691,33.577061,7.380495,9.960952,3.824705
2023-05-19,sh.605111,30.8921202,33.4133478,30.7504782,32.9459292,11832707.0,5.4266,35.776566,7.863963,10.613455,4.075247
2023-05-22,sh.605111,33.0592428,33.073407,32.1314877,32.3227044,7273725.0,3.3358,35.099795,7.715204,10.412685,3.998157
2023-05-23,sh.605111,32.223555,32.7405483,31.7844648,32.294376,5141777.0,2.3581,35.069033,7.708442,10.403559,3.994653
2023-05-24,sh.605111,31.9473531,32.8751082,31.9473531,32.2164729,5299203.0,2.4303,34.984436,7.689847,10.378463,3.985017
2023-05-25,sh.605111,32.0960772,33.002586,32.0960772,32.8821903,6718577.0,3.0812,35.707351,7.848749,10.592922,4.067363
2023-05-26,sh.605111,32.8963545,33.2717058,32.57766,32.7972051,5038600.0,2.3107,35.615064,7.828464,10.565544,4.056851
2023-05-29,sh.605111,32.9600934,33.2292132,32.011092,32.1102414,5636351.0,2.5849,34.869078,7.66449,10.344241,3.971877
2023-05-30,sh.605111,31.8623679,32.3864433,31.5224271,32.2518834,5293068.0,2.4274,35.022889,7.698299,10.38987,3.989397
2023-05-31,sh.605111,32.2377192,32.7688767,32.011092,32.4785106,4661065.0,2.1376,35.268988,7.752394,10.462878,4.01743
2023-06-01,sh.605111,32.3297865,33.0379965,31.9756815,32.8467798,6420493.0,2.9445,35.668898,7.840297,10.581515,4.062983
2023-06-02,sh.605111,32.7688767,33.4770867,32.3510328,33.1513101,5703002.0,2.6154,35.999593,7.912986,10.679618,4.100652
2023-06-05,sh.605111,33.1867206,33.9586695,32.8255335,32.9034366,5681910.0,2.6058,35.730422,7.853821,10.599767,4.069991
2023-06-06,sh.605111,32.8751082,32.8751082,31.7773827,31.8269574,4983204.0,2.2853,34.561455,7.596872,10.252981,3.936836
2023-06-07,sh.605111,31.8765321,32.506839,31.7561364,31.9756815,4034447.0,1.8502,34.722957,7.632372,10.300892,3.955232
2023-06-08,sh.605111,31.86945,31.8906963,30.9558591,30.9841875,4656336.0,2.1354,33.646276,7.395709,9.981485,3.83259
2023-06-09,sh.605111,30.948777,32.011092,30.7646424,32.0040099,4986962.0,2.2871,34.753719,7.639134,10.310018,3.958736
2023-06-12,sh.605111,31.9190247,32.2023087,31.6994796,31.7703006,3692923.0,1.6936,34.49993,7.583349,10.234729,3.929828
2023-06-13,sh.605111,31.7632185,32.3297865,31.4091135,32.3085402,4575253.0,2.0983,35.084414,7.711823,10.408122,3.996405
2023-06-14,sh.605111,32.2589655,32.2589655,31.7632185,31.7773827,3519314.0,1.614,34.507621,7.585039,10.237011,3.930704
2023-06-15,sh.605111,31.7844648,32.4643464,31.586166,32.152734,4203979.0,1.928,34.915221,7.674633,10.357929,3.977133
2023-06-16,sh.605111,32.1244056,32.5210032,31.8552858,32.3722791,4684910.0,2.1485,35.153398,7.726986,10.428587,4.004263
2023-06-19,sh.605111,32.3722791,32.9034366,32.2731297,32.436018,5086402.0,2.3327,35.222613,7.7422,10.44912,4.012147
2023-06-20,sh.605111,32.5280853,33.3708552,32.0394204,32.931765,7227892.0,3.3148,35.76095,7.860531,10.608823,4.073468
2023-06-21,sh.605111,32.8467798,32.8467798,31.515345,31.515345,6542380.0,3.0004,34.222844,7.522443,10.152529,3.898265
2023-06-26,sh.605111,30.9912696,31.9119426,30.5380152,31.090419,4916585.0,2.2548,33.761413,7.421017,10.015641,3.845705
2023-06-27,sh.605111,31.019598,31.3807851,30.877956,31.0125159,3492237.0,1.6016,33.676817,7.402422,9.990545,3.836068
2023-06-28,sh.605111,31.1045832,31.1045832,29.8510515,29.9431188,5697019.0,2.6127,32.515547,7.147166,9.646044,3.70379
2023-06-29,sh.605111,29.9431188,31.0691727,29.7589842,30.3963732,5316694.0,2.4383,33.007741,7.255354,9.792057,3.759855
2023-06-30,sh.605111,30.1839102,31.019598,30.0422682,30.8212992,5506597.0,2.5254,33.469173,7.35678,9.928946,3.812416
2023-07-03,sh.605111,30.877956,31.4232777,30.3538806,30.4459479,6166588.0,2.8281,33.061575,7.267187,9.808028,3.765987
2023-07-04,sh.605111,30.4459479,33.2008848,30.3326343,32.7051378,15694622.0,7.1977,35.514853,7.806437,10.535816,4.045436
2023-07-05,sh.605111,32.506839,32.5705779,31.6003302,31.727808,9110995.0,4.1784,34.45356,7.573156,10.220973,3.924546
2023-07-06,sh.605111,31.5720018,32.0960772,31.2037326,31.302882,7657574.0,3.5118,33.992129,7.47173,10.084085,3.871985
2023-07-07,sh.605111,31.0408443,31.302882,29.9785293,30.028104,8967471.0,4.1126,32.607834,7.167452,9.673421,3.714302
2023-07-10,sh.605111,30.0918429,31.586166,29.9218725,30.6584109,8519047.0,3.9069,33.292291,7.3179,9.876472,3.792268
2023-07-11,sh.605111,30.8000529,32.5422495,30.6584109,32.152734,12659111.0,5.8056,34.914992,7.674583,10.357861,3.977107
2023-07-12,sh.605111,32.1881445,32.2731297,31.1966505,31.2816357,6706330.0,3.0756,33.969057,7.466659,10.077241,3.869357
2023-07-13,sh.605111,31.3595388,32.2802118,31.3099641,31.9473531,7956006.0,3.6487,34.691966,7.62556,10.291699,3.951702
2023-07-14,sh.605111,32.0748309,32.3297865,31.4657703,31.4870166,6990432.0,3.2059,34.192082,7.515682,10.143403,3.894761
2023-07-17,sh.605111,31.2391431,31.2391431,30.5450973,30.7788066,4963617.0,2.2764,33.42303,7.346638,9.915257,3.80716
2023-07-18,sh.605111,30.8000529,31.4940987,30.6017541,30.877956,6121299.0,2.8073,33.530697,7.370304,9.947197,3.819424
2023-07-19,sh.605111,30.8425455,32.0748309,30.5450973,31.2603894,7946234.0,3.6442,33.945985,7.461588,10.070396,3.866729
2023-07-20,sh.605111,31.1895684,31.3524567,30.382209,30.4671942,6008945.0,2.7558,33.084646,7.272259,9.814872,3.768615
2023-07-21,sh.605111,30.4105374,30.7079856,30.098925,30.382209,3664936.0,1.6808,32.99236,7.251973,9.787495,3.758103
2023-07-24,sh.605111,30.169746,30.3255522,29.8298052,29.9077083,4023033.0,1.845,32.477095,7.138714,9.634636,3.69941
2023-07-25,sh.605111,30.1768281,30.9204486,30.1414176,30.45303,5857132.0,2.6861,33.069265,7.268878,9.810309,3.766863
2023-07-26,sh.605111,30.4671942,30.5380152,29.9856114,30.0635145,3986488.0,1.8282,32.646286,7.175904,9.684829,3.718682
2023-07-27,sh.605111,30.028104,30.3043059,29.8298052,29.9643651,3619200.0,1.6598,32.538619,7.152238,9.652888,3.706418
2023-07-28,sh.605111,29.815641,30.0139398,28.8029007,29.3553045,6264877.0,2.8731,31.877234,7.00686,9.456682,3.631081
2023-07-31,sh.605111,29.107431,30.311388,29.107431,29.8439694,5466565.0,2.507,32.40788,7.1235,9.614103,3.691526
2023-08-01,sh.605111,29.8510515,29.9714472,29.673999,29.8298052,3813524.0,1.7489,32.392499,7.120119,9.60954,3.689774
2023-08-02,sh.605111,29.815641,29.9289546,29.4969465,29.6385885,2765795.0,1.2684,32.184855,7.074478,9.54794,3.666122
2023-08-03,sh.605111,29.5040286,29.7377379,29.0861847,29.3977971,3941885.0,1.8078,31.923377,7.017003,9.470371,3.636337
2023-08-04,sh.605111,29.4473718,29.8014768,29.178252,29.5819317,3968196.0,1.8198,32.123331,7.060954,9.529689,3.659113
2023-08-07,sh.605111,29.4261255,29.6598348,29.03661,29.1357594,3079860.0,1.4125,31.638827,6.954457,9.385956,3.603925
2023-08-08,sh.605111,29.1640878,29.2915656,28.0876086,28.1796759,5923934.0,2.7168,30.600606,6.726248,9.077958,3.485663
2023-08-09,sh.605111,27.9884592,28.3496463,27.9105561,28.257579,3388466.0,1.554,30.685202,6.744842,9.103054,3.495299
2023-08-10,sh.605111,28.186758,28.4204673,28.0097055,28.186758,2097190.0,0.9618,30.608297,6.727938,9.08024,3.486539
2023-08-11,sh.605111,28.1796759,28.186758,27.195264,27.2377566,5073158.0,2.3266,29.577766,6.50142,8.774523,3.369153
2023-08-14,sh.605111,26.9190621,27.1173609,26.487054,26.9898831,4096600.0,1.8787,29.308598,6.442254,8.694672,3.338492
2023-08-15,sh.605111,26.9544726,27.0819504,26.062128,26.2675089,4727328.0,2.168,28.524164,6.26983,8.461962,3.249139
2023-08-16,sh.605111,26.2108521,26.4020688,25.6513662,25.6867767,4066774.0,1.8651,27.893541,6.131214,8.274882,3.177305
2023-08-17,sh.605111,25.6513662,26.2462626,25.353918,26.0408817,4376407.0,2.0071,28.278067,6.215736,8.388955,3.221106
2023-08-18,sh.605111,26.0337996,26.2675089,25.5592989,25.5592989,3342954.0,1.5331,27.755111,6.100786,8.233815,3.161537
2023-08-21,sh.605111,25.5451347,25.6938588,25.0777161,25.0777161,3606747.0,1.6541,27.232155,5.985836,8.078676,3.101968
2023-08-22,sh.605111,25.1839476,25.4813958,24.4969839,25.1485371,4936191.0,2.2638,27.309061,6.002741,8.10149,3.110728
2023-08-23,sh.605111,25.070634,25.070634,24.3057672,24.3057672,3717453.0,1.7049,26.393888,5.801579,7.829996,3.006482
2023-08-24,sh.605111,24.6244617,24.9219099,24.3199314,24.3270135,5997384.0,2.7505,26.41696,5.80665,7.83684,3.009111
2023-08-25,sh.605111,24.1570431,24.433245,23.5550646,23.725035,4706103.0,2.1583,25.763265,5.662963,7.642915,2.934649
2023-08-28,sh.605111,25.141455,25.2689328,23.6683782,23.7746097,5665630.0,2.5983,25.817099,5.674796,7.658886,2.940781
2023-08-29,sh.605111,23.654214,24.7377753,23.6400498,24.5465586,6024805.0,2.763,26.655366,5.859054,7.907566,3.036267
2023-08-30,sh.605111,24.9077457,25.7717619,24.9077457,25.212276,8623025.0,3.9546,30.455669,6.214382,7.825132,3.038768
2023-08-31,sh.605111,25.0423056,25.8850755,24.9077457,25.4743137,6570808.0,3.0134,30.772203,6.27897,7.906461,3.07035
2023-09-01,sh.605111,25.3893285,25.6867767,25.1060445,25.2618507,3563815.0,1.6344,30.515554,6.226602,7.840519,3.044743
2023-09-04,sh.605111,25.424739,25.7717619,25.2476865,25.7717619,5046249.0,2.3143,31.131511,6.352286,7.99878,3.106201
2023-09-05,sh.605111,25.7717619,26.1896058,25.6584483,25.920486,4636835.0,2.1265,31.311165,6.388944,8.044939,3.124126
2023-09-06,sh.605111,25.7292693,26.7561738,25.6655304,26.7420096,7882306.0,3.6149,32.303541,6.591435,8.299916,3.223142
2023-09-07,sh.605111,26.557875,26.557875,25.7434335,25.7646798,5969253.0,2.7376,31.122956,6.35054,7.996582,3.105347
2023-09-08,sh.605111,25.7363514,26.1966879,25.6655304,25.9063218,4114619.0,1.887,31.294056,6.385452,8.040543,3.122419
2023-09-11,sh.605111,25.991307,26.2391805,25.708023,26.0479638,4165140.0,1.9102,31.465155,6.420365,8.084505,3.139491
2023-09-12,sh.605111,25.9346502,26.1046206,25.7292693,25.8284187,2720044.0,1.2474,31.199951,6.366251,8.016364,3.11303
2023-09-13,sh.605111,25.7151051,25.8071724,24.9502383,25.3185075,3981469.0,1.8259,30.583994,6.240567,7.858103,3.051571
2023-09-14,sh.605111,25.5309705,25.5380526,24.7448574,24.8652531,3396889.0,1.5578,30.036476,6.128847,7.717427,2.996942
2023-09-15,sh.605111,24.999813,25.920486,24.5607228,25.2264402,6057693.0,2.7781,30.472779,6.217874,7.829528,3.040475
2023-09-18,sh.605111,25.0281414,25.4530674,24.7944321,25.0635519,3158567.0,1.4485,30.276015,6.177725,7.778973,3.020842
2023-09-19,sh.605111,24.9006636,25.1272908,24.3765882,24.6811185,3132693.0,1.4367,29.814047,6.083461,7.660277,2.974749
2023-09-20,sh.605111,24.5253123,24.8935815,24.2420283,24.2632746,3230876.0,1.4817,29.309304,5.98047,7.530591,2.924387
2023-09-21,sh.605111,24.1003863,24.3836703,23.9445801,24.0862221,2927684.0,1.3427,29.09543,5.93683,7.475639,2.903047
2023-09-22,sh.605111,23.8950054,24.5323944,23.8029381,24.4686555,4598764.0,2.109,29.557398,6.031093,7.594335,2.949141
2023-09-25,sh.605111,24.433245,24.4686555,23.8525128,24.008319,4247343.0,1.9479,29.001325,5.917628,7.45146,2.893658
2023-09-26,sh.605111,23.8595949,24.0437295,23.3921763,23.3992584,4588288.0,2.1042,28.265599,5.767505,7.262426,2.820249
2023-09-27,sh.605111,23.5479825,24.6811185,23.4275868,23.9941548,7682543.0,2.588,28.984215,5.914137,7.447064,2.891951
2023-09-28,sh.605111,24.0862221,24.5323944,23.8100202,24.149961,5118810.0,1.7244,29.172425,5.95254,7.495422,2.91073
2023-10-09,sh.605111,24.1145505,24.2066178,23.6683782,24.0012369,4807802.0,1.6196,28.99277,5.915883,7.449262,2.892804
2023-10-10,sh.605111,24.0720579,24.5394765,24.0154011,24.2632746,5155555.0,1.7368,29.309304,5.98047,7.530591,2.924387
2023-10-11,sh.605111,24.4403271,24.9714846,24.1641252,24.6669543,6559017.0,2.2096,29.796937,6.07997,7.655881,2.973041
2023-10-12,sh.605111,24.6669543,25.283097,24.6032154,25.2193581,6162207.0,2.0759,30.464224,6.216128,7.82733,3.039621
2023-10-13,sh.605111,24.9644025,25.3468359,24.8935815,25.1768655,4560118.0,1.5362,30.412894,6.205654,7.814142,3.0345
2023-10-16,sh.605111,25.1272908,25.1272908,24.008319,24.1216326,5244272.0,1.7667,29.138205,5.945558,7.486629,2.907315
2023-10-17,sh.605111,24.1712073,24.3270135,23.8595949,24.1145505,3662733.0,1.2339,29.12965,5.943812,7.484431,2.906462
2023-10-18,sh.605111,23.9162517,24.1853715,23.4984078,23.4984078,3846264.0,1.2957,28.385368,5.791944,7.293199,2.8322
2023-10-19,sh.605111,23.37093,25.849665,22.9035114,25.849665,10838806.0,3.6513,31.225616,6.371488,8.022959,3.11559
2023-10-20,sh.605111,26.20377,28.3071537,25.7859261,27.407727,35568968.0,11.9822,33.107708,6.755522,8.506534,3.303379
2023-10-23,sh.605111,27.407727,27.6060258,26.4658077,26.7632559,19598423.0,6.6022,32.329206,6.596672,8.30651,3.225703
2023-10-24,sh.605111,26.5012182,26.9757189,24.858171,26.628696,20884956.0,7.0356,32.166662,6.563505,8.264746,3.209485
2023-10-25,sh.605111,26.1825237,27.2731671,26.062128,26.7986664,16309698.0,5.4943,32.371981,6.6054,8.3175,3.229971
2023-10-26,sh.605111,26.416233,26.8482411,25.8355008,26.274591,12840615.0,4.3257,31.738914,6.476224,8.154843,3.166805
2023-10-27,sh.605111,25.8850755,26.6853528,25.5238884,26.4799719,13238361.0,4.4597,35.694888,7.020825,313.671895,3.126233
2023-10-30,sh.605111,26.20377,27.7901604,26.1046206,27.7689141,19270566.0,6.4917,37.432376,7.362572,328.940224,3.278406
2023-10-31,sh.605111,28.115937,28.3567284,26.9898831,27.3793986,15824919.0,5.331,36.907311,7.259297,324.326169,3.23242
2023-11-01,sh.605111,27.3085776,30.098925,27.2377566,28.5833556,27163919.0,9.1508,38.53024,7.57851,338.587795,3.37456
2023-11-02,sh.605111,28.5833556,29.7802305,28.1796759,28.6187661,22609658.0,7.6166,38.577973,7.587899,339.007255,3.37874
2023-11-03,sh.605111,28.682505,31.1824863,28.1513475,30.240567,26315280.0,8.8649,40.764154,8.017899,358.218505,3.57021
2023-11-06,sh.605111,29.7519021,32.1031593,29.7519021,31.4303598,24930203.0,8.3983,42.367989,8.333357,372.312348,3.710678
2023-11-07,sh.605111,31.1329116,31.9048605,30.736314,31.373703,15580348.0,5.2486,42.291616,8.318335,371.641212,3.703989
2023-11-08,sh.605111,31.1541579,31.1541579,29.6527527,30.1626639,24462552.0,8.2408,40.659141,7.997244,357.295694,3.561013
2023-11-09,sh.605111,30.1626639,30.4388658,29.7589842,30.0564324,12225867.0,4.1186,40.515941,7.969078,356.037315,3.548471
2023-11-10,sh.605111,29.957283,30.6371646,29.7589842,29.8652157,11510561.0,3.8776,40.258182,7.918379,353.772233,3.525896
2023-11-13,sh.605111,30.028104,30.0564324,29.03661,29.9289546,11070298.0,3.7293,40.344102,7.935279,354.52726,3.533421
2023-11-14,sh.605111,29.8510515,30.5805078,29.5465212,30.311388,11538700.0,3.8871,40.85962,8.036676,359.057424,3.578572
2023-11-15,sh.605111,30.594672,30.7221498,29.4261255,29.532357,10123803.0,3.4104,39.80949,7.830126,349.829313,3.486599
2023-11-16,sh.605111,29.3553045,29.7802305,29.107431,29.1145131,7978393.0,2.6877,39.244626,7.719023,344.865522,3.437127
2023-11-17,sh.605111,29.1215952,29.319894,28.9445427,29.0861847,6581434.0,2.2171,39.206441,7.711512,344.529968,3.433783
2023-11-20,sh.605111,29.1215952,29.4969465,28.9162143,29.4119613,7067045.0,2.3807,39.645568,7.797884,348.388838,3.472242
2023-11-21,sh.605111,29.3977971,29.6385885,28.4346315,28.6541766,8753245.0,2.9487,38.62412,7.596976,339.412771,3.382782
2023-11-22,sh.605111,28.470042,28.6754229,27.4856301,27.4856301,12058689.0,4.0623,37.048989,7.287163,325.571173,3.244828
2023-11-23,sh.605111,27.336906,27.9813771,27.195264,27.8609814,7725747.0,2.6026,37.55494,7.386679,330.017262,3.289141
2023-11-24,sh.605111,27.7547499,27.832653,26.91198,27.0394578,5779734.0,1.947,36.447575,7.168871,320.286199,3.192155
2023-11-27,sh.605111,26.9757189,27.8822277,26.9473905,27.8538993,8125809.0,2.7374,37.545394,7.384801,329.933373,3.288305
2023-11-28,sh.605111,27.7689141,28.3071537,27.6343542,28.0097055,6708549.0,2.2599,37.755411,7.426109,331.77892,3.306698
2023-11-29,sh.605111,27.974295,29.9147904,27.903474,29.1711699,16685841.0,5.621,39.320996,7.734044,345.53663,3.443816
2023-11-30,sh.605111,28.9728711,29.1640878,28.5125346,29.0224458,8109250.0,2.7318,39.120525,7.694613,343.774972,3.426258
2023-12-01,sh.605111,28.894968,29.8014768,28.7249976,29.3836329,9060091.0,3.0521,39.607383,7.790374,348.053284,3.468898
2023-12-04,sh.605111,29.390715,29.9431188,29.0436921,29.1428415,7338100.0,2.472,39.282811,7.726533,345.201076,3.440471
2023-12-05,sh.605111,28.7958186,28.824147,27.4643838,27.478548,9969365.0,3.3584,37.039442,7.285285,325.487284,3.243992
2023-12-06,sh.605111,27.4431375,29.2419909,27.3581523,28.0663623,9788240.0,3.2974,37.831781,7.44113,332.450028,3.313387
2023-12-07,sh.605111,28.3071537,28.3284,27.266085,27.3014955,7475986.0,2.5185,36.800786,7.238344,323.390072,3.22309
2023-12-08,sh.605111,27.4218912,27.7830783,26.9969652,27.0961146,7903280.0,2.6624,36.523945,7.183892,320.957306,3.198844
2023-12-11,sh.605111,27.1527714,27.2590029,26.0975385,26.91198,9338780.0,3.146,36.275743,7.135073,318.776206,3.177106
2023-12-12,sh.605111,27.0819504,27.3227418,26.7136812,26.8694874,5077483.0,1.7105,36.218465,7.123807,318.272875,3.172089
2023-12-13,sh.605111,26.8057485,27.0182115,26.2108521,26.2816731,5165687.0,1.7402,35.426127,6.967962,311.310132,3.102695
2023-12-14,sh.605111,26.2816731,27.053622,26.2604268,26.4516435,5649250.0,1.9031,35.655236,7.013026,313.323455,3.122761
2023-12-15,sh.605111,26.345412,26.628696,26.2604268,26.5295466,4003622.0,1.3487,35.760245,7.03368,314.246228,3.131958
2023-12-18,sh.605111,26.416233,26.4516435,25.3255896,25.4105748,6039416.0,2.0337,34.251938,6.737011,300.991849,2.999857
2023-12-19,sh.605111,25.424739,25.8709113,25.2476865,25.5168063,4197498.0,1.4135,34.395132,6.765176,302.250176,3.012398
2023-12-20,sh.605111,25.5805452,25.8213366,25.0423056,25.0423056,3341140.0,1.1251,33.755533,6.639374,296.629649,2.956381
2023-12-21,sh.605111,24.928992,25.6301199,24.78735,25.5522168,4765276.0,1.6047,34.442863,6.774564,302.669619,3.016578
2023-12-22,sh.605111,25.5168063,25.8071724,25.0352235,25.3964106,4920715.0,1.657,34.232846,6.733256,300.824072,2.998185
2023-12-25,sh.605111,25.1981118,25.8921576,25.1910297,25.778844,4172175.0,1.405,34.748343,6.834649,305.35405,3.043333
2023-12-26,sh.605111,25.8355008,25.8425829,24.7661037,24.8864994,4676562.0,1.5748,33.545516,6.598065,294.784102,2.937987
2023-12-27,sh.605111,24.9006636,25.6584483,24.6882006,25.2051939,4758747.0,1.6025,33.975097,6.68256,298.559084,2.97561
2023-12-28,sh.605111,25.2476865,26.91198,24.8935815,26.6782707,10039312.0,3.3807,35.960716,7.073111,316.007886,3.149515
2023-12-29,sh.605111,26.6570244,26.9048979,26.416233,26.7915843,5946393.0,2.0024,36.113456,7.103153,317.350102,3.162893
2024-01-02,sh.605111,26.6782707,26.6782707,26.2250163,26.3879046,4516457.0,1.5209,35.56932,6.996127,312.568459,3.115236
2024-01-03,sh.605111,26.274591,27.5352048,26.2391805,26.8624053,9468233.0,3.1884,36.208919,7.12193,318.188987,3.171253
2024-01-04,sh.605111,26.7278454,26.770338,26.3595762,26.5791213,4372864.0,1.4725,35.827069,7.046824,314.833448,3.13781
2024-01-05,sh.605111,26.5720392,26.8057485,25.5026421,25.7151051,5889059.0,1.9831,34.662427,6.81775,304.599054,3.035808
2024-01-08,sh.605111,25.6017915,25.6726125,24.8935815,24.9077457,4039534.0,1.3603,33.574154,6.603698,295.035768,2.940495
2024-01-09,sh.605111,25.4601495,26.7915843,25.4601495,25.9983891,8876400.0,2.9891,35.044277,6.892856,307.954593,3.069252
2024-01-10,sh.605111,25.9063218,26.6853528,25.141455,26.2320984,7602359.0,2.5601,35.359303,6.954819,310.722912,3.096842
2024-01-11,sh.605111,26.2958373,26.7915843,25.920486,26.5932855,7238831.0,2.4376,35.846161,7.050579,315.001225,3.139482
2024-01-12,sh.605111,26.2533447,26.3383299,25.3610001,25.424739,7521774.0,2.5329,34.271031,6.740767,301.159626,3.001529
2024-01-15,sh.605111,25.6796946,27.9672129,25.49556,27.9672129,14077551.0,4.7405,37.698134,7.414843,331.275589,3.301682
2024-01-16,sh.605111,28.611684,28.9799532,27.9813771,28.540863,24429915.0,8.2267,38.47138,7.566933,338.070555,3.369404
2024-01-17,sh.605111,28.540863,29.0153637,27.6768468,27.7476678,14236289.0,4.794,37.4022,7.356636,328.675046,3.275763
2024-01-18,sh.605111,27.4643838,29.461536,26.982801,29.2703193,24868094.0,8.3742,39.454643,7.760331,346.711068,3.455521
2024-01-19,sh.605111,28.8808038,29.1711699,27.9176382,27.9530487,14783555.0,4.9783,37.679041,7.411088,331.107812,3.30001
2024-01-22,sh.605111,27.7759962,28.1442654,26.0692101,26.5224645,11798639.0,3.9731,35.750699,7.031803,314.16234,3.131121
2024-01-23,sh.605111,26.4374793,29.178252,26.1683595,28.5125346,24482117.0,8.2442,38.433195,7.559422,337.735002,3.36606
2024-01-24,sh.605111,28.3284,29.3411403,27.4431375,29.1570057,21261835.0,7.1598,39.301903,7.730289,345.368853,3.442143
2024-01-25,sh.605111,28.682505,29.6598348,28.3779747,29.3128119,18523033.0,6.2375,39.511921,7.771597,347.214399,3.460537
2024-01-26,sh.605111,28.894968,29.1499236,27.4714659,27.8184888,16466895.0,5.5452,37.497662,7.375413,329.513931,3.284124
2024-01-29,sh.605111,27.6060258,28.045116,25.0352235,25.0352235,19487837.0,6.5624,33.745987,6.637496,296.54576,2.955545
2024-01-30,sh.605111,24.07914,24.07914,22.5352422,22.5352422,15211603.0,5.1224,30.376161,5.974685,266.933128,2.660408
2024-01-31,sh.605111,21.600405,22.9176756,20.9771802,21.317121,11135259.0,3.7497,28.734207,5.651729,252.504311,2.516602
2024-02-01,sh.605111,21.2179716,22.591899,21.0196728,21.9049353,10194068.0,3.4328,29.526545,5.807574,259.467054,2.585997
2024-02-02,sh.605111,21.8057859,22.1598909,19.759059,20.6938962,12415580.0,4.1809,27.894137,5.486496,245.122125,2.443027
2024-02-05,sh.605111,20.396448,20.4460227,18.625923,19.0012743,12353617.0,4.16,25.612584,5.037737,225.072779,2.243204
2024-02-06,sh.605111,18.7534008,20.7647172,18.200997,20.3893659,11653524.0,3.9243,27.483648,5.405757,241.51492,2.407076
2024-02-07,sh.605111,20.3681196,21.5083377,20.183985,21.104658,11310890.0,3.8089,28.447819,5.5954,249.987656,2.49152
2024-02-08,sh.605111,21.1825611,22.4148465,21.1825611,21.671226,10531205.0,3.5463,29.211519,5.745612,256.698734,2.558406
2024-02-19,sh.605111,21.8553606,22.2873687,21.3454494,21.8270322,10035806.0,3.3795,29.421536,5.78692,258.544281,2.5768
2024-02-20,sh.605111,21.600405,22.4077644,21.0692475,22.3227792,10008691.0,3.3704,30.089774,5.918356,264.416474,2.635326
2024-02-21,sh.605111,21.8199501,22.9530861,21.6783081,22.1032341,12012997.0,4.0453,29.79384,5.860148,261.815931,2.609407
2024-02-22,sh.605111,22.1740551,22.6202274,21.883689,22.5423243,9583190.0,3.2271,30.385708,5.976563,267.017017,2.661244
2024-02-23,sh.605111,22.66272,22.7406231,22.3369434,22.6414737,9012506.0,3.0349,30.519355,6.00285,268.191456,2.672949
2024-02-26,sh.605111,22.6556379,23.3142732,22.521078,23.0947281,9922332.0,3.3413,31.130315,6.12302,273.560318,2.726459
2024-02-27,sh.605111,23.016825,24.7731858,22.7831157,24.6669543,14468314.0,4.8721,33.249582,6.539858,292.183559,2.912068
2024-02-28,sh.605111,24.716529,25.283097,22.875183,22.8893472,15404369.0,5.1873,30.853474,6.068568,271.127552,2.702212
2024-02-29,sh.605111,22.8326904,24.0862221,22.7052126,24.0437295,10249313.0,3.4514,32.409512,6.374625,284.801374,2.838493
2024-03-01,sh.605111,23.9941548,24.8015142,23.9162517,24.7306932,10715576.0,3.6084,33.335498,6.556757,292.938556,2.919593
2024-03-04,sh.605111,24.5678049,24.9502383,24.1782894,24.5253123,8579816.0,2.8892,33.058657,6.502305,290.50579,2.895347
2024-03-05,sh.605111,24.3270135,24.8723352,23.9445801,24.1145505,7485373.0,2.5207,32.504975,6.393401,285.640258,2.846854
2024-03-06,sh.605111,24.0295653,24.3199314,23.3780121,23.8737591,7695980.0,2.5916,32.180402,6.329561,282.78805,2.818427
2024-03-07,sh.605111,23.8737591,24.5465586,23.3850942,23.3992584,6847201.0,2.3058,31.540804,6.203759,277.167522,2.76241
2024-03-08,sh.605111,23.4063405,23.9516622,23.2646985,23.8383486,6481464.0,2.1826,32.132671,6.320173,282.368608,2.814247
2024-03-11,sh.605111,23.6612961,24.6102975,23.512572,24.5890512,7223275.0,2.4324,33.144573,6.519204,291.260786,2.902871
2024-03-12,sh.605111,24.7731858,26.416233,24.433245,25.8355008,14436902.0,4.8616,34.824713,6.84967,306.025158,3.050022
2024-03-13,sh.605111,26.9261442,28.4204673,26.9190621,28.4204673,21702056.0,7.3081,38.309093,7.535013,336.644451,3.355191
2024-03-14,sh.605111,27.8538993,28.682505,26.8340769,27.6131079,28895999.0,9.7306,37.220821,7.320961,327.081165,3.259878
2024-03-15,sh.605111,27.5281227,27.8751456,26.132949,26.8553232,19162783.0,6.453,36.199373,7.120052,318.105098,3.170417
2024-03-18,sh.605111,26.8765695,28.8099828,26.8765695,28.7887365,24597400.0,8.2831,38.805498,7.632651,341.006652,3.398667
2024-03-19,sh.605111,28.2150864,28.2929895,27.4643838,27.478548,17484299.0,5.8878,37.039442,7.285285,325.487284,3.243992
2024-03-20,sh.605111,27.478548,28.399221,26.91198,28.186758,16299701.0,5.4888,37.994067,7.473051,333.876132,3.3276
2024-03-21,sh.605111,28.1584296,28.3071537,27.336906,27.4431375,11848427.0,3.9899,36.991711,7.275897,325.067842,3.239812
2024-03-22,sh.605111,27.5918616,27.8043246,26.6570244,26.6782707,10369236.0,3.4918,35.960716,7.073111,316.007886,3.149515
2024-03-25,sh.605111,26.5224645,26.770338,25.283097,25.3185075,10903545.0,3.6717,34.125145,6.712072,299.877644,2.988752
2024-03-26,sh.605111,25.2547686,26.7420096,25.2193581,26.3383299,14103146.0,4.7492,35.499696,6.982433,311.956632,3.109138
2024-03-27,sh.605111,26.132949,27.8114067,25.9842249,27.0323757,21776476.0,7.3331,36.435155,7.166428,320.177054,3.191068
2024-03-28,sh.605111,26.487054,27.62019,25.8567471,27.2023461,15236269.0,5.1307,35.444337,7.756294,114.4731,3.144121
2024-03-29,sh.605111,26.8482411,27.2306745,26.3170836,26.8269948,8089063.0,2.724,34.955258,7.649269,112.893544,3.100737
2024-04-01,sh.605111,26.7136812,27.5352048,26.628696,27.5352048,8888212.0,2.9931,35.878048,7.851203,115.873838,3.182594
2024-04-02,sh.605111,27.6060258,27.7193394,26.8553232,27.336906,6916211.0,2.329,35.619667,7.794662,115.039356,3.159674
2024-04-03,sh.605111,27.5210406,27.8893098,26.9969652,27.5918616,7892410.0,2.6577,35.951871,7.867358,116.112262,3.189143
2024-04-08,sh.605111,27.8184888,27.8680635,26.628696,26.628696,7666453.0,2.5816,34.696877,7.592728,112.059062,3.077817
2024-04-09,sh.605111,26.557875,27.124443,26.3949867,26.7207633,4757319.0,1.602,34.81684,7.618979,112.4465,3.088459
2024-04-10,sh.605111,26.557875,26.6641065,25.2476865,25.4176569,7200141.0,2.4246,33.118908,7.24742,106.962759,2.937842
2024-04-11,sh.605111,25.1556192,25.7859261,24.928992,24.9714846,5455247.0,1.837,32.53755,7.120201,105.085173,2.886272
2024-04-12,sh.605111,25.070634,25.7221872,24.8935815,25.1556192,4785821.0,1.6116,32.777476,7.172704,105.86005,2.907555
2024-04-15,sh.605111,25.2689328,27.1102788,25.1627013,25.7930082,10017541.0,3.3734,33.607986,7.354445,108.542315,2.981226
2024-04-16,sh.605111,25.353918,26.1187848,24.4261629,25.1272908,8756131.0,2.9486,32.740564,7.164627,105.740838,2.904281
2024-04-17,sh.605111,25.5097242,25.9417323,25.2406044,25.8638292,7147242.0,2.4068,33.700265,7.374639,108.840344,2.989412
2024-04-18,sh.605111,25.5734631,26.0337996,24.7944321,25.5947094,6278424.0,2.1142,33.349605,7.297904,107.707832,2.958306
2024-04-19,sh.605111,25.2051939,25.566381,24.6032154,24.6244617,6143689.0,2.0689,32.085384,7.021254,103.624829,2.846162
2024-04-22,sh.605111,24.3482598,24.6032154,23.7391992,24.2632746,4983810.0,1.6783,31.614761,6.918267,102.104879,2.804415
2024-04-23,sh.605111,24.2774388,24.645708,23.9020875,24.2278641,4304310.0,1.4495,31.568622,6.90817,101.955864,2.800323
2024-04-24,sh.605111,24.2986851,25.0493877,24.2845209,24.9573204,5055236.0,1.7023,32.519095,7.116163,105.025567,2.884635
2024-04-25,sh.605111,25.0352235,26.8199127,24.7944321,25.9700607,9884067.0,3.3284,33.838683,7.404929,109.287388,3.00169
2024-04-26,sh.605111,25.7151051,26.3524941,25.7151051,26.0337996,7966082.0,2.6825,33.921734,7.423103,109.555615,3.009058
2024-04-29,sh.605111,26.132949,27.0040473,26.0408817,26.9544726,8424723.0,2.837,35.121361,7.685617,113.429997,3.115471
2024-04-30,sh.605111,27.761832,27.974295,26.8482411,26.8907337,9360442.0,3.1521,31.603848,7.67781,41.367935,3.078219
2024-05-06,sh.605111,27.4927122,27.549369,26.9969652,27.2306745,8032179.0,2.7048,32.00337,7.77487,41.89089,3.117133
2024-05-07,sh.605111,27.1456893,27.62019,27.0252936,27.4573017,7096825.0,2.3898,32.269718,7.839576,42.239527,3.143075
2024-05-08,sh.605111,27.4643838,27.6060258,26.5437108,26.6216139,6989705.0,2.3538,31.28756,7.600972,40.953929,3.047413
2024-05-09,sh.605111,26.6216139,29.03661,26.6074497,28.8383112,19725100.0,6.6423,33.892776,8.23388,44.364032,3.301161
2024-05-10,sh.605111,28.682505,28.9870353,27.9176382,28.0309518,12919696.0,4.3506,32.943911,8.003364,43.122014,3.208742
2024-05-13,sh.605111,27.6839289,27.8893098,27.2094282,27.5068764,8192434.0,2.7588,32.327982,7.853731,42.315791,3.14875
2024-05-14,sh.605111,27.5422869,27.9176382,27.053622,27.1740177,7106663.0,2.3931,31.936783,7.758693,41.803731,3.110647
2024-05-15,sh.605111,27.0182115,27.6556005,26.7774201,26.9757189,5814656.0,1.9581,31.703729,7.702075,41.498674,3.087948
2024-05-16,sh.605111,27.124443,27.2165103,26.6853528,26.7774201,6393139.0,2.1529,31.470674,7.645457,41.193616,3.065248
2024-05-17,sh.605111,26.6853528,27.0607041,26.4728898,27.053622,5584951.0,1.8807,31.795286,7.724318,41.618517,3.096865
2024-05-20,sh.605111,27.0607041,27.336906,26.8765695,27.1810998,6265400.0,2.1098,31.945106,7.760715,41.814626,3.111458
2024-05-21,sh.605111,27.053622,27.124443,26.6145318,26.6924349,5012839.0,1.6881,31.370794,7.621192,41.062878,3.05552
2024-05-22,sh.605111,26.7136812,27.3227418,26.6641065,27.3227418,6966445.0,2.3459,32.111574,7.801157,42.032524,3.127672
2024-05-23,sh.605111,27.3723165,27.5635332,26.2462626,26.274591,8868240.0,2.9863,30.879715,7.50189,40.420078,3.007689
2024-05-24,sh.605111,26.274591,26.5295466,25.0352235,25.212276,11100616.0,3.7381,29.631209,7.198579,38.785843,2.886084
2024-05-27,sh.605111,25.353918,25.9417323,24.5819691,25.920486,9167555.0,3.0871,30.340127,7.370803,39.713784,2.955133
2024-05-28,sh.605111,25.849665,27.0890325,25.7646798,26.062128,11863457.0,3.995,30.50592,7.411081,39.930799,2.971281
2024-05-29,sh.605111,26.0267175,26.7349275,25.9275681,26.3170836,8485342.0,2.8574,30.804347,7.48358,40.321426,3.000348
2024-05-30,sh.605111,26.1046206,27.266085,25.9346502,27.0677862,12107413.0,4.0771,31.68305,7.697052,41.471607,3.085934
2024-05-31,sh.605111,26.91198,27.549369,26.9048979,27.2165103,10073432.0,3.3922,31.857133,7.739343,41.699473,3.102889
2024-06-03,sh.605111,26.770338,27.0182115,26.0054712,26.557875,10755785.0,3.622,31.086196,7.552052,40.690352,3.0278
2024-06-04,sh.605111,26.4233151,26.9473905,25.991307,26.8624053,9032626.0,3.0417,31.442651,7.638649,41.156935,3.062519
2024-06-05,sh.605111,26.6357781,27.6131079,26.6145318,27.0819504,10424852.0,3.5105,31.69963,7.70108,41.493308,3.087548
2024-06-06,sh.605111,28.3284,28.682505,26.982801,27.0607041,18156382.0,6.1141,31.674761,7.695038,41.460756,3.085126
2024-06-07,sh.605111,27.336906,27.9672129,26.8128306,27.3864807,13932784.0,4.6918,32.056085,7.787676,41.959891,3.122267
2024-06-11,sh.605111,27.3014955,28.8878859,27.2873313,28.753326,20573006.0,6.9279,33.655988,8.176355,44.054088,3.278098
2024-06-12,sh.605111,28.5762735,29.957283,28.3213179,29.673999,22516711.0,7.5824,34.733642,8.43816,45.464687,3.383062
2024-06-13,sh.605111,29.673999,31.0762548,29.6527527,29.7377379,28538109.0,9.6101,34.808249,8.456285,45.562344,3.390328
2024-06-14,sh.605111,29.5982181,30.43533942,29.01024003,30.27588774,23222041.0,5.5912,35.222619,8.556952,46.104734,3.430688
2024-06-17,sh.605111,30.0965046,33.30546966,29.9968473,32.2889652,36012475.0,8.6708,37.564611,9.125913,49.17029,3.658798
2024-06-18,sh.605111,32.16937644,32.5879371,31.55150118,31.96009611,24065900.0,5.7944,37.182008,9.032964,48.669481,3.621533
2024-06-19,sh.605111,32.27899947,32.60786856,31.3920495,32.05975341,24147060.0,5.8139,37.297948,9.06113,48.821241,3.632825
2024-06-20,sh.605111,31.92023319,33.05632641,31.63122702,32.01989049,26407308.0,6.3581,37.251572,9.049863,48.760537,3.628308
2024-06-21,sh.605111,31.07314614,32.00992476,30.72434559,31.63122702,16580903.0,3.9922,36.799406,8.940015,48.168673,3.584267
2024-06-24,sh.605111,31.36215231,33.1858809,31.36215231,32.02985622,22923126.0,5.5192,37.263166,9.05268,48.775713,3.629438
2024-06-25,sh.605111,32.00992476,32.21920509,30.2958192,30.56489391,22315805.0,5.373,35.558846,8.638634,46.544839,3.463437
2024-06-26,sh.605111,30.77417424,31.37211804,30.30578493,31.06318041,14432343.0,3.4749,36.138547,8.779466,47.30364,3.5199
2024-06-27,sh.605111,30.3954765,30.75424278,29.78756697,29.92708719,16218401.0,3.9049,34.816829,8.458369,45.573574,3.391164
2024-06-28,sh.605111,29.71780686,30.95355738,29.57828664,30.48516807,15823712.0,3.8099,35.466094,8.616101,46.423431,3.454403
2024-07-01,sh.605111,29.92708719,30.01677876,28.46212488,29.13979452,22290121.0,5.3668,33.900902,8.235855,44.374669,3.301953
2024-07-02,sh.605111,29.33910912,29.42880069,28.55181645,28.66143948,10784274.0,2.5965,33.344389,8.100656,43.64622,3.247748
2024-07-03,sh.605111,28.6016451,29.63808102,28.15318725,29.11986306,13186485.0,3.1749,33.877714,8.230221,44.344317,3.299694
2024-07-04,sh.605111,29.05010295,30.07657314,28.85078835,28.93051419,13480677.0,3.2458,33.657427,8.176705,44.055972,3.278238
2024-07-05,sh.605111,29.12982879,29.16969171,28.25284455,28.78102824,9790954.0,2.3574,33.483517,8.134456,43.828332,3.261299
2024-07-08,sh.605111,28.900617,30.14633325,28.61161083,29.55835518,18470632.0,4.4472,34.38785,8.354153,45.012061,3.349381
2024-07-09,sh.605111,29.40886923,30.74427705,29.24941755,30.62468829,26110967.0,6.2868,35.62841,8.655534,46.635895,3.470212
2024-07-10,sh.605111,30.27588774,30.43533942,29.76763551,30.01677876,17792651.0,4.284,34.921175,8.483719,45.710158,3.401327
2024-07-11,sh.605111,30.56489391,31.890336,30.01677876,31.25252928,23932132.0,5.7622,36.358833,8.832982,47.591984,3.541355
2024-07-12,sh.605111,30.84393435,31.14290625,30.12640179,31.06318041,14890073.0,3.5851,36.138547,8.779466,47.30364,3.5199
2024-07-15,sh.605111,30.893763,31.4917068,30.15629898,30.28585347,14338028.0,3.4522,35.234213,8.559768,46.11991,3.431817
2024-07-16,sh.605111,30.07657314,32.4882798,29.90715573,32.27899947,26619633.0,6.4092,37.553017,9.123096,49.155114,3.657669
2024-07-17,sh.605111,32.27899947,32.886909,31.97006184,32.02985622,19871285.0,4.7844,37.263166,9.05268,48.775713,3.629438
2024-07-18,sh.605111,31.32228939,32.43845115,30.77417424,32.06971914,18571098.0,4.4714,37.309542,9.063947,48.836417,3.633955
2024-07-19,sh.605111,32.14944498,35.2786842,31.94016465,35.2786842,50452759.0,12.1476,41.042815,9.970905,53.723094,3.997576
2024-07-22,sh.605111,35.2786842,35.61751902,34.6807404,35.05943814,42885010.0,10.3255,40.787747,9.908939,53.389222,3.972732
2024-07-23,sh.605111,34.6807404,35.12919825,33.3851955,33.47488707,29428482.0,7.0855,38.944298,9.461093,50.976235,3.79318
2024-07-24,sh.605111,33.2855382,33.43502415,31.3920495,31.4917068,33184862.0,7.9899,36.637089,8.900582,47.956208,3.568458
2024-07-25,sh.605111,30.91369446,31.30235793,30.43533942,30.76420851,18874578.0,4.5444,35.790726,8.694967,46.848359,3.486022
2024-07-26,sh.605111,30.4951338,31.27246074,30.0965046,30.42537369,21199258.0,5.1042,35.39653,8.599201,46.332375,3.447627
2024-07-29,sh.605111,30.42537369,31.63122702,29.9968473,30.4951338,18226248.0,4.3884,35.477688,8.618918,46.438607,3.455532
2024-07-30,sh.605111,30.14633325,31.56146691,29.3989035,31.56146691,25906772.0,6.2376,36.718247,8.920298,48.06244,3.576362
2024-07-31,sh.605111,31.03328322,34.4814258,31.03328322,33.47488707,34778639.0,8.3737,38.944298,9.461093,50.976235,3.79318
2024-08-01,sh.605111,33.72403032,34.67077467,33.1858809,33.81372189,26052083.0,6.2726,39.338495,9.556859,51.49222,3.831575
2024-08-02,sh.605111,33.75392751,33.81372189,32.3886225,32.51817699,22042025.0,5.3071,37.831273,9.190695,49.519338,3.684771
2024-08-05,sh.605111,32.30889666,32.65769721,30.6944484,30.6944484,19754790.0,4.7564,35.709568,8.67525,46.742127,3.478117
2024-08-06,sh.605111,31.47177534,31.65115848,30.40544223,30.96352311,12960575.0,3.1205,36.022607,8.7513,47.151879,3.508607
2024-08-07,sh.605111,30.893763,31.13294052,30.23602482,30.41540796,12005340.0,2.8905,35.384936,8.596384,46.317199,3.446498
2024-08-08,sh.605111,29.91712146,30.97348884,29.25938328,30.40544223,18573545.0,4.472,35.373342,8.593568,46.302023,3.445368
2024-08-09,sh.605111,31.01335176,31.14290625,29.98688157,30.06660741,14853937.0,3.5764,34.979145,8.497802,45.786038,3.406974
2024-08-12,sh.605111,29.88722427,30.37554504,29.6978754,30.18619617,9794563.0,2.3582,35.118273,8.531602,45.96815,3.420525
2024-08-13,sh.605111,30.46523661,31.97006184,30.44530515,31.61129556,27536672.0,6.63,33.509559,8.277605,-27.287725,3.505494
2024-08-14,sh.605111,31.68105567,31.86043881,30.54496245,30.57485964,19503489.0,4.6959,32.410885,8.006208,-26.393045,3.390559
2024-08-15,sh.605111,30.2958192,31.28242647,30.06660741,30.75424278,15677366.0,3.7747,32.60104,8.053181,-26.547894,3.410452
2024-08-16,sh.605111,30.75424278,30.83396862,29.5982181,29.62811529,15309924.0,3.6862,31.407288,7.758298,-25.57579,3.285571
2024-08-19,sh.605111,29.46866361,30.0965046,29.34907485,29.73773832,10118457.0,2.4362,31.523494,7.787003,-25.67042,3.297728
2024-08-20,sh.605111,29.74770405,29.89719,28.84082262,29.05010295,10974234.0,2.6423,30.794566,7.606942,-25.076834,3.221474
2024-08-21,sh.605111,28.88068554,29.07003441,28.14322152,28.26281028,11732663.0,2.8249,29.959997,7.400785,-24.397222,3.134168
2024-08-22,sh.605111,28.18308444,28.3026732,27.62500356,27.71469513,9144061.0,2.2016,29.378967,7.257257,-23.924074,3.073385
2024-08-23,sh.605111,27.72466086,28.1033586,27.61503783,27.68479794,8392327.0,2.0206,29.347275,7.249429,-23.898266,3.07007
2024-08-26,sh.605111,27.63496929,28.06349568,27.5054148,27.75455805,7224707.0,1.7395,29.421224,7.267696,-23.958485,3.077806
2024-08-27,sh.605111,27.7047294,27.81435243,27.26623728,27.43565469,5989366.0,1.4421,29.08317,7.184189,-23.683199,3.042441
2024-08-28,sh.605111,27.36589458,28.08342714,27.22637436,27.904044,8264624.0,1.9899,29.579686,7.306839,-24.087525,3.094383
2024-08-29,sh.605111,27.71469513,28.900617,27.63496929,28.76109678,11848695.0,2.8528,30.488205,7.531264,-24.827356,3.189425
2024-08-30,sh.605111,28.6016451,30.13636752,28.59167937,29.63808102,15424813.0,3.7138,31.417853,7.760907,-25.584393,3.286677
2024-09-02,sh.605111,29.5982181,29.7975327,28.49202207,28.5019878,10435926.0,2.5127,30.213537,7.463415,-24.603686,3.160691
2024-09-03,sh.605111,28.52191926,29.05010295,28.31263893,28.39236477,9030882.0,2.1744,30.097331,7.434709,-24.509057,3.148534
2024-09-04,sh.605111,27.91400973,28.48205634,27.82431816,28.23291309,7159617.0,1.7238,29.928304,7.392956,-24.371414,3.130852
2024-09-05,sh.605111,28.25284455,28.68137094,28.03359849,28.34253612,6110402.0,1.4712,30.04451,7.421661,-24.466043,3.143009
2024-09-06,sh.605111,28.32260466,28.65147375,27.58514064,27.58514064,8608540.0,2.0727,29.241633,7.223333,-23.812239,3.059018
2024-09-09,sh.605111,27.58514064,27.95387265,27.4057575,27.7047294,6086096.0,1.4654,29.368403,7.254648,-23.915471,3.07228
2024-09-10,sh.605111,27.7047294,28.65147375,27.32603166,28.43222769,10480903.0,2.5235,30.139588,7.445147,-24.543468,3.152955
2024-09-11,sh.605111,28.25284455,28.55181645,28.15318725,28.4023305,6485087.0,1.5614,30.107895,7.437319,-24.51766,3.14964
2024-09-12,sh.605111,28.65147375,28.79099397,27.87414681,27.904044,6826393.0,1.6436,29.579686,7.306839,-24.087525,3.094383
2024-09-13,sh.605111,27.81435243,28.18308444,27.43565469,27.43565469,5442460.0,1.3104,29.08317,7.184189,-23.683199,3.042441
2024-09-18,sh.605111,27.51538053,27.7047294,26.32945866,26.45901315,9899932.0,2.3836,28.047881,6.92845,-22.840135,2.934138
2024-09-19,sh.605111,26.65832775,27.15661425,26.23976709,26.88753954,10920383.0,2.6293,28.502141,7.040662,-23.210051,2.981659
2024-09-20,sh.605111,26.81777943,27.04699122,26.02052103,26.48891034,8639660.0,2.0802,28.079574,6.936278,-22.865943,2.937453
2024-09-23,sh.605111,26.48891034,26.97723111,26.39921877,26.66829348,6469072.0,1.5576,28.269729,6.983251,-23.020792,2.957346
2024-09-24,sh.605111,26.72808786,27.87414681,26.52877326,27.87414681,12628001.0,3.0405,29.547994,7.299011,-24.061717,3.091067
2024-09-25,sh.605111,28.22294736,28.67140521,27.65490075,27.66486648,14183078.0,3.4149,29.326146,7.244209,-23.881061,3.06786
2024-09-26,sh.605111,27.61503783,29.47862934,27.6050721,29.41883496,18323430.0,4.4117,31.185441,7.703496,-25.395134,3.262364
2024-09-27,sh.605111,29.94701865,31.3920495,29.54838945,31.26249501,14690854.0,3.5371,33.139813,8.18627,-26.986631,3.466814
2024-09-30,sh.605111,32.6875944,34.3817685,31.73088432,34.36183704,30654487.0,7.3807,36.425271,8.997851,-29.662067,3.810511
2024-10-08,sh.605111,37.80001389,37.80001389,36.4745718,37.80001389,30540258.0,7.3532,40.069911,9.898158,-32.629994,4.191784
2024-10-09,sh.605111,37.80001389,40.44093234,35.9762853,37.65052794,51455915.0,12.3891,39.911448,9.859014,-32.500954,4.175206
2024-10-10,sh.605111,37.65052794,38.05912287,35.4779988,35.92645665,29305359.0,7.0559,38.083846,9.407556,-31.012689,3.984018
2024-10-11,sh.605111,35.48796453,35.92645665,33.42505842,33.86355054,23094263.0,5.5604,35.897062,8.867372,-29.231932,3.755255
2024-10-14,sh.605111,33.98329605,35.11108238,33.04513751,34.92145459,19920409.0,4.7963,36.964044,9.13094,-30.100804,3.866873
2024-10-15,sh.605111,34.76176803,35.59014206,34.06313933,34.20286507,18787477.0,4.5235,36.203423,8.94305,-29.48141,3.787304
2024-10-16,sh.605111,33.32458899,34.42243409,33.06509833,33.96333523,12091084.0,2.9112,35.949883,8.88042,-29.274946,3.76078
2024-10-17,sh.605111,34.3326104,34.91147418,34.05315892,34.08310015,13904202.0,3.3477,36.076653,8.911735,-29.378178,3.774042
2024-10-18,sh.605111,34.07311974,37.4265375,33.92341359,36.51832019,29738491.0,7.1602,38.654312,9.548473,-31.477234,4.043695
2024-10-21,sh.605111,36.91753659,38.6241867,36.68798716,37.1271252,33048214.0,7.957,39.298726,9.707658,-32.001998,4.111109
2024-10-22,sh.605111,36.53828101,38.0253621,36.3286924,37.11714479,21422210.0,5.1578,39.288162,9.705049,-31.993395,4.110003
2024-10-23,sh.605111,36.6281047,37.25687053,36.30873158,36.53828101,16613488.0,4.0,38.67544,9.553693,-31.494439,4.045905
2024-10-24,sh.605111,36.08916256,36.80775208,35.7298678,36.37859445,14393489.0,3.4655,38.506413,9.511939,-31.356796,4.028223
2024-10-25,sh.605111,36.50833978,37.4265375,36.07918215,36.88759536,16616820.0,4.0008,39.045186,9.645028,-31.795533,4.084585
2024-10-28,sh.605111,36.91753659,36.91753659,35.99933887,36.69796757,13347712.0,3.2137,38.844467,9.595446,-31.632082,4.063588
2024-10-29,sh.605111,37.04728192,37.1271252,35.20090607,35.2308473,26502900.0,6.3811,33.288461,8.484612,-21.010163,3.808126
2024-10-30,sh.605111,35.24082771,36.1290842,34.96137623,35.36059263,16889450.0,4.0665,33.411053,8.515859,-21.087537,3.82215
2024-10-31,sh.605111,35.24082771,36.17898625,34.70188557,35.80971108,20538135.0,4.945,33.835411,8.624019,-21.355372,3.870696
2024-11-01,sh.605111,35.4304555,35.66000493,33.98329605,34.02321769,18623290.0,4.4839,32.147412,8.19378,-20.289984,3.677592
2024-11-04,sh.605111,34.01323728,34.79170926,33.933394,34.51225778,13222760.0,3.1837,32.60949,8.311555,-20.581627,3.730453
2024-11-05,sh.605111,34.46235573,36.57820265,34.26274753,36.50833978,26479877.0,6.3756,34.495522,8.792269,-21.772004,3.946211
2024-11-06,sh.605111,36.80775208,37.4265375,36.4284965,36.8277129,28143116.0,6.776,34.797287,8.869184,-21.962465,3.980732
2024-11-07,sh.605111,37.0273211,38.0253621,36.71792839,37.53632201,25517638.0,6.1439,35.466828,9.039838,-22.385049,4.057326
2024-11-08,sh.605111,37.925558,39.19307007,37.3267334,38.60422588,38080675.0,9.1687,36.475855,9.29702,-23.0219,4.172757
2024-11-11,sh.605111,38.923599,40.23103271,38.80383408,39.47252155,42687272.0,10.2779,37.296279,9.506131,-23.539715,4.266611
2024-11-12,sh.605111,39.47252155,39.48250196,37.83573431,38.40461768,28976774.0,6.9768,36.287252,9.248948,-22.902863,4.151181
2024-11-13,sh.605111,38.16508784,38.18504866,37.10716438,38.17506825,18284228.0,4.4023,36.070358,9.193666,-22.765969,4.126369
2024-11-14,sh.605111,38.01538169,38.11518579,36.43847691,36.5283006,15833203.0,3.8122,34.514382,8.797077,-21.783908,3.948368
2024-11-15,sh.605111,36.49835937,37.66606734,36.0292801,36.08916256,20665463.0,4.9756,34.099455,8.691319,-21.522025,3.900902
2024-11-18,sh.605111,36.07918215,36.18896666,34.48231655,34.71186598,15871246.0,3.8213,32.798093,8.359626,-20.700664,3.752029
2024-11-19,sh.605111,34.81167008,35.91949559,34.68192475,35.75980903,12690848.0,3.0556,33.78826,8.612002,-21.325613,3.865302
2024-11-20,sh.605111,35.48035755,35.85961313,35.15100402,35.6300637,11498557.0,2.7685,33.665668,8.580755,-21.248238,3.851277
2024-11-21,sh.605111,35.54024001,35.99933887,35.17096484,35.54024001,10404967.0,2.5052,33.580796,8.559123,-21.194671,3.841568
2024-11-22,sh.605111,35.58016165,35.98935846,33.58407965,33.65394252,14914505.0,3.591,31.798496,8.104848,-20.069764,3.637677
2024-11-25,sh.605111,33.84357031,33.98329605,32.6359407,33.35453022,11539483.0,2.7784,31.515591,8.03274,-19.891208,3.605313
2024-11-26,sh.605111,33.34454981,33.96333523,33.19484366,33.36451063,8659085.0,2.0849,31.525022,8.035144,-19.89716,3.606392
2024-11-27,sh.605111,33.36451063,34.39249286,32.64592111,34.38251245,10841921.0,2.6104,32.486898,8.280308,-20.504252,3.716429
2024-11-28,sh.605111,34.42243409,36.27879035,34.27272794,34.91147418,18070143.0,4.3508,32.986696,8.407698,-20.819702,3.773605
2024-11-29,sh.605111,34.61206188,35.51029878,33.85355072,34.931435,15469275.0,3.7246,33.005557,8.412505,-20.831606,3.775762
2024-12-02,sh.605111,34.97135664,35.2308473,34.7318268,35.09112156,11141342.0,2.6825,33.156439,8.450962,-20.926836,3.793023
2024-12-03,sh.605111,35.08114115,35.1310432,34.00325687,34.44239491,11021906.0,2.6538,32.543479,8.29473,-20.539963,3.722901
2024-12-04,sh.605111,35.78975026,36.27879035,34.41245368,34.65198352,21416790.0,5.1565,32.741512,8.345205,-20.664953,3.745556
2024-12-05,sh.605111,34.34259081,34.62204229,34.12302179,34.38251245,10432433.0,2.5118,32.486898,8.280308,-20.504252,3.716429
2024-12-06,sh.605111,34.4324145,35.0312391,33.85355072,34.69190516,13152996.0,3.1669,32.779233,8.354819,-20.688761,3.749871
2024-12-09,sh.605111,34.46235573,34.77174844,33.91343318,34.09308056,10000525.0,2.4078,32.213423,8.210605,-20.331647,3.685144
2024-12-10,sh.605111,35.1310432,35.32067099,34.45237532,34.51225778,13013813.0,3.1333,32.60949,8.311555,-20.581627,3.730453
2024-12-11,sh.605111,34.34259081,35.44043591,34.34259081,35.26078853,15023980.0,3.6173,33.316752,8.491823,-21.028018,3.811362
2024-12-12,sh.605111,35.32067099,35.51029878,34.71186598,35.50031837,11990185.0,2.8869,33.543076,8.549509,-21.170863,3.837253
2024-12-13,sh.605111,35.22086689,35.68994616,34.55217942,34.80168967,14981534.0,3.6071,32.882964,8.381259,-20.754231,3.761738
2024-12-16,sh.605111,34.61206188,35.7298678,34.46235573,34.81167008,16874263.0,4.0628,32.892395,8.383662,-20.760183,3.762817
2024-12-17,sh.605111,34.81167008,35.48035755,34.6320227,34.84161131,14452475.0,3.4797,32.920685,8.390873,-20.778039,3.766053
2024-12-18,sh.605111,35.26078853,35.929476,33.41441268,35.929476,26473049.0,6.3739,33.948572,8.652862,-21.426795,3.883641
2024-12-19,sh.605111,35.4304555,37.29679217,35.27076894,37.29679217,35832260.0,8.6274,35.240504,8.982152,-22.242203,4.031435
2024-12-20,sh.605111,37.26685094,37.56626324,36.51832019,36.53828101,34935595.0,8.4115,34.523812,8.79948,-21.78986,3.949447
2024-12-23,sh.605111,36.68798716,36.8277129,35.51029878,35.6300637,18868687.0,4.543,33.665668,8.580755,-21.248238,3.851277
2024-12-24,sh.605111,35.97937805,36.27879035,35.06118033,36.23886871,16128406.0,3.8833,34.240907,8.727373,-21.611303,3.917083
2024-12-25,sh.605111,35.97937805,36.34865322,35.48035755,35.67996575,12430810.0,2.993,33.712818,8.592773,-21.277997,3.856671
2024-12-26,sh.605111,35.67996575,36.68798716,35.59014206,36.45843773,18013305.0,4.3371,34.448371,8.780252,-21.742245,3.940817
2024-12-27,sh.605111,36.6281047,37.10716438,36.03926051,36.27879035,19744893.0,4.754,34.278628,8.736987,-21.635111,3.921399
2024-12-30,sh.605111,35.95941723,36.67800675,35.68994616,36.07918215,12344337.0,2.9722,34.090025,8.688916,-21.516073,3.899823
2024-12-31,sh.605111,36.08916256,36.23886871,33.81362908,33.84357031,20565807.0,4.9516,31.977669,8.150516,-20.18285,3.658174
2025-01-02,sh.605111,33.6339817,33.7337858,31.69778216,31.88740995,18478710.0,4.4491,30.129358,7.679415,-19.01628,3.446731
2025-01-03,sh.605111,32.00717487,32.39641086,31.2386833,31.47821314,11731360.0,2.8246,29.742722,7.580869,-18.772253,3.402501
2025-01-06,sh.605111,31.2386833,31.8375079,30.95923182,31.28858535,8110124.0,1.9527,29.563548,7.535201,-18.659167,3.382004
2025-01-07,sh.605111,31.35844822,31.98721405,31.30854617,31.97723364,9060145.0,2.1814,30.214229,7.701047,-19.069847,3.456441
2025-01-08,sh.605111,31.7377038,31.90737077,30.10091656,31.21872248,15989313.0,3.8498,29.497537,7.518376,-18.617504,3.374453
2025-01-09,sh.605111,30.8394669,31.937312,30.8394669,31.42831109,12345694.0,2.9725,29.695571,7.568851,-18.742493,3.397107
2025-01-10,sh.605111,31.1388792,32.02713569,30.82948649,30.8394669,12114097.0,2.9167,29.139191,7.42704,-18.391332,3.333459
2025-01-13,sh.605111,30.42028968,31.05903592,30.22068148,30.74964321,6473653.0,1.5587,29.05432,7.405408,-18.337765,3.323749
2025-01-14,sh.605111,30.91931018,32.11695938,30.55003501,31.98721405,12327529.0,2.9681,30.22366,7.703451,-19.075799,3.457519
2025-01-15,sh.605111,31.98721405,32.39641086,31.67782134,32.07703774,10058556.0,2.4218,30.308531,7.725083,-19.129366,3.467228
2025-01-16,sh.605111,32.22674389,32.65590152,31.61793888,31.90737077,9867569.0,2.3758,30.148218,7.684222,-19.028184,3.448889
2025-01-17,sh.605111,31.8375079,33.02517669,31.76764503,32.68584275,13555920.0,3.2639,30.883771,7.871701,-19.492431,3.533035
2025-01-20,sh.605111,32.98525505,33.12498079,32.70580357,32.84552931,10427258.0,2.5106,31.034653,7.910158,-19.587661,3.550295
2025-01-21,sh.605111,32.95531382,33.26470653,32.58603865,33.26470653,11096403.0,2.6717,31.43072,8.011108,-19.837641,3.595604
2025-01-22,sh.605111,32.99523546,33.41441268,32.51617578,32.85550972,11752676.0,2.8297,31.044083,7.912562,-19.593613,3.551374
2025-01-23,sh.605111,33.2347653,33.6339817,32.42635209,32.42635209,11307125.0,2.7224,30.638587,7.809208,-19.337682,3.504986
2025-01-24,sh.605111,32.39641086,32.79562726,32.3365284,32.7357448,8810518.0,2.1213,30.930922,7.883719,-19.522191,3.538428
2025-01-27,sh.605111,32.81558808,32.95531382,31.99719446,32.01715528,7325189.0,1.7637,30.25195,7.710662,-19.093655,3.460756
2025-02-05,sh.605111,32.42635209,32.79562726,32.20678307,32.38643045,9062609.0,2.182,30.600866,7.799594,-19.313875,3.500671
2025-02-06,sh.605111,32.25668512,33.59406006,32.12693979,33.50423637,14688817.0,3.5366,31.657044,8.068794,-19.980486,3.621495
2025-02-07,sh.605111,33.51421678,34.15296302,33.0351571,33.54415801,17428464.0,4.1963,31.694764,8.078408,-20.004294,3.62581
2025-02-10,sh.605111,33.52419719,33.72380539,33.26470653,33.59406006,12705672.0,3.0592,31.741915,8.090426,-20.034053,3.631204
2025-02-11,sh.605111,33.44435391,33.49425596,32.87547054,33.10501997,9978686.0,2.4026,31.279837,7.972651,-19.742411,3.578344
2025-02-12,sh.605111,33.11500038,34.50227737,33.00521587,34.49229696,22061301.0,5.3117,32.59063,8.306748,-20.569723,3.728295
2025-02-13,sh.605111,34.49229696,34.50227737,33.71382498,33.7337858,13705825.0,3.3,31.873937,8.124076,-20.117379,3.646307
2025-02-14,sh.605111,33.57409924,33.92341359,33.17488284,33.7337858,11836007.0,2.8498,31.873937,8.124076,-20.117379,3.646307
2025-02-17,sh.605111,34.10306097,34.8316309,33.8335899,34.31264958,17161954.0,4.1321,32.420887,8.263483,-20.462589,3.708877
2025-02-18,sh.605111,34.35257122,34.72184639,33.31460858,33.61402088,15978819.0,3.8472,31.760776,8.095233,-20.045957,3.633362
2025-02-19,sh.605111,33.5341776,35.1310432,33.4343735,34.97135664,22906843.0,5.5153,33.043277,8.422119,-20.855413,3.780077
2025-02-20,sh.605111,35.22086689,35.28074935,34.64200311,34.87155254,15525500.0,3.7381,32.948976,8.398084,-20.795895,3.769289
2025-02-21,sh.605111,34.87155254,36.29875117,34.7318268,36.0292801,25393449.0,6.114,34.042874,8.676898,-21.486314,3.894429
2025-02-24,sh.605111,35.929476,36.15902543,35.49033796,35.91949559,16603098.0,3.9975,33.939142,8.650459,-21.420843,3.882562
2025-02-25,sh.605111,35.3306514,35.87957395,35.00129787,35.40051427,15775926.0,3.7984,33.448774,8.525473,-21.111345,3.826465
2025-02-26,sh.605111,35.4304555,35.81969149,35.04121951,35.61010288,13192670.0,3.1764,33.646807,8.575948,-21.236334,3.84912
2025-02-27,sh.605111,35.60012247,35.70990698,34.49229696,35.09112156,16039976.0,3.862,33.156439,8.450962,-20.926836,3.793023
2025-02-28,sh.605111,34.7318268,34.98133705,33.27468694,33.39445186,14226450.0,3.4253,31.553312,8.042355,-19.915015,3.609629
2025-03-03,sh.605111,33.5341776,34.18290425,33.06509833,33.60404047,10681125.0,2.5717,31.751345,8.09283,-20.040005,3.632283
2025-03-04,sh.605111,33.16490243,36.7279088,33.05511792,35.61010288,26820576.0,6.4576,33.646807,8.575948,-21.236334,3.84912
2025-03-05,sh.605111,36.03926051,36.1290842,34.99131746,35.57018124,17453964.0,4.2024,33.609087,8.566334,-21.212527,3.844805
2025-03-06,sh.605111,35.7298678,35.97937805,35.51029878,35.64004411,17634466.0,4.2459,33.675098,8.583159,-21.25419,3.852356
2025-03-07,sh.605111,35.48035755,36.07918215,35.28074935,35.46039673,16650668.0,4.009,33.505355,8.539894,-21.147056,3.832938
2025-03-10,sh.605111,35.40051427,35.98935846,35.06118033,35.37057304,11829313.0,2.8482,33.420484,8.518262,-21.093489,3.823229
2025-03-11,sh.605111,34.76176803,35.58016165,34.71186598,35.2308473,10169656.0,2.4486,33.288461,8.484612,-21.010163,3.808126
2025-03-12,sh.605111,35.45041632,36.41851609,35.45041632,35.68994616,17695164.0,4.2605,33.722249,8.595177,-21.283949,3.85775
2025-03-13,sh.605111,35.75980903,35.75980903,34.12302179,34.54219901,15230126.0,3.667,32.63778,8.318766,-20.599482,3.733689
2025-03-14,sh.605111,34.4324145,35.07116074,34.35257122,34.94141541,10322707.0,2.4854,33.014987,8.414909,-20.837558,3.776841
2025-03-17,sh.605111,35.01127828,35.11108238,34.6320227,34.82165049,7347077.0,1.769,32.901825,8.386066,-20.766135,3.763895
2025-03-18,sh.605111,35.5302596,35.98935846,35.38055345,35.50031837,15709059.0,3.7823,33.543076,8.549509,-21.170863,3.837253
2025-03-19,sh.605111,35.24082771,35.50031837,34.77174844,34.90149377,9180476.0,2.2104,32.977266,8.405294,-20.81375,3.772526
2025-03-20,sh.605111,34.91147418,36.37859445,34.6320227,35.4304555,18078104.0,4.3527,33.477064,8.532684,-21.1292,3.829702
2025-03-21,sh.605111,35.32067099,35.66998534,34.65198352,34.68192475,11986133.0,2.8859,32.769803,8.352416,-20.682809,3.748792
2025-03-24,sh.605111,34.52223819,34.68192475,33.2347653,33.91343318,11731383.0,2.8246,32.04368,8.167341,-20.224513,3.665726
2025-03-25,sh.605111,33.94337441,34.09308056,33.31460858,33.41441268,7280315.0,1.7529,31.572172,8.047162,-19.926919,3.611786
2025-03-26,sh.605111,33.42439309,33.8335899,33.31460858,33.38447145,6324429.0,1.5227,31.543882,8.039951,-19.909063,3.60855
2025-03-27,sh.605111,33.24474571,33.85355072,32.81558808,33.49425596,8185100.0,1.9707,31.647614,8.066391,-19.974534,3.620416
2025-03-28,sh.605111,33.5341776,33.76372703,33.06509833,33.06509833,5629445.0,1.3554,31.242117,7.963037,-19.718603,3.574029
2025-03-31,sh.605111,32.78564685,34.19288466,32.76568603,34.10306097,13660908.0,3.2891,32.222853,8.213008,-20.337599,3.686223
2025-04-01,sh.605111,34.16294343,35.39053386,34.05315892,35.20090607,20074335.0,4.8333,33.260171,8.477401,-20.992307,3.804889
2025-04-02,sh.605111,35.00129787,35.1310432,34.38251245,34.51225778,8448547.0,2.0342,32.60949,8.311555,-20.581627,3.730453
2025-04-03,sh.605111,34.30266917,34.78172885,33.42439309,33.84357031,10236309.0,2.4646,31.977669,8.150516,-20.18285,3.658174
2025-04-07,sh.605111,31.45825232,32.48623455,30.46021132,30.46021132,12227173.0,2.9439,28.780845,7.335704,-18.16516,3.292465
2025-04-08,sh.605111,30.19074025,31.06901633,29.2426013,29.94123,14532620.0,3.499,28.290477,7.210719,-17.855662,3.236368
2025-04-09,sh.605111,29.6418177,30.78956485,28.06491292,30.51011337,12809055.0,3.084,28.827996,7.347722,-18.19492,3.297858
2025-04-10,sh.605111,30.939271,31.68780175,30.59993706,30.67978034,11946909.0,2.8765,28.988309,7.388583,-18.296102,3.316198
2025-04-11,sh.605111,30.4402505,32.81558808,30.30052476,31.88740995,17077365.0,4.1117,30.129358,7.679415,-19.01628,3.446731
2025-04-14,sh.605111,32.4363325,32.48623455,31.64788011,31.81754708,10247389.0,2.4673,30.063347,7.66259,-18.974617,3.43918
2025-04-15,sh.605111,31.86744913,31.87742954,31.2386833,31.44827191,6292660.0,1.5151,29.714431,7.573658,-18.754397,3.399265
2025-04-16,sh.605111,31.46823273,32.17684184,30.88936895,31.86744913,9646036.0,2.3225,30.110498,7.674608,-19.004376,3.444574
2025-04-17,sh.605111,31.5380956,32.31656758,31.46823273,31.55805642,7779298.0,1.873,29.818163,7.600097,-18.819868,3.411131
2025-04-18,sh.605111,31.54807601,31.62791929,31.04905551,31.15884002,4764311.0,1.1471,29.440956,7.503954,-18.581792,3.36798
2025-04-21,sh.605111,31.31852658,31.86744913,31.05903592,31.86744913,5478813.0,1.3191,30.110498,7.674608,-19.004376,3.444574
2025-04-22,sh.605111,31.65786052,32.02713569,31.61793888,31.80756667,5801034.0,1.3967,30.053917,7.660187,-18.968665,3.438101
2025-04-23,sh.605111,32.0371161,32.1369202,31.78760585,31.97723364,5964005.0,1.436,30.214229,7.701047,-19.069847,3.456441
2025-04-24,sh.605111,31.937312,31.937312,31.27860494,31.54807601,5707056.0,1.3741,29.808733,7.597694,-18.813916,3.410053
2025-04-25,sh.605111,31.48819355,31.5380956,30.7396628,31.05903592,10257679.0,2.4698,29.190932,6.782075,-22.639229,3.182521
2025-04-28,sh.605111,31.01911428,31.01911428,30.36040722,30.4402505,7699605.0,1.8538,28.609364,6.646956,-22.18819,3.119116
2025-04-29,sh.605111,30.32048558,30.5400546,30.10091656,30.39034845,7123381.0,1.7151,28.562464,6.636059,-22.151816,3.114003
2025-04-30,sh.605111,30.49015255,30.99915346,30.4402505,30.85942772,7885638.0,1.8986,29.003329,6.738488,-22.493732,3.162068
2025-05-06,sh.605111,31.0390751,31.58799765,31.0390751,31.57801724,7803007.0,1.8787,29.678698,6.8954,-23.017519,3.2357
2025-05-07,sh.605111,31.74768421,32.11695938,31.29856576,31.55805642,7832916.0,1.8859,29.659938,6.891041,-23.002969,3.233654
2025-05-08,sh.605111,31.37840904,32.04709651,31.3384874,31.937312,7634974.0,1.8383,30.016382,6.973856,-23.279412,3.272516
2025-05-09,sh.605111,31.937312,31.98721405,31.32850699,31.41833068,6450353.0,1.5531,29.528616,6.86053,-22.901122,3.219337
2025-05-12,sh.605111,31.64788011,31.937312,31.6378997,31.8375079,6056109.0,1.4581,29.922581,6.952062,-23.206664,3.262289
2025-05-13,sh.605111,32.28662635,32.3365284,31.7377038,31.76764503,6916964.0,1.6654,29.85692,6.936807,-23.155741,3.25513
2025-05-14,sh.605111,31.78760585,32.01715528,31.54807601,31.80756667,5904925.0,1.4217,29.894441,6.945524,-23.18484,3.259221
2025-05-15,sh.605111,31.8375079,31.8375079,31.1388792,31.1388792,5640228.0,1.358,29.265973,6.799509,-22.697427,3.190703
2025-05-16,sh.605111,31.06901633,31.42831109,31.04905551,31.11891838,3866024.0,0.9308,29.247213,6.795151,-22.682878,3.188657
2025-05-19,sh.605111,31.01911428,31.2386833,30.76960403,30.939271,4423298.0,1.065,29.07837,6.755923,-22.551931,3.170249
2025-05-20,sh.605111,31.10893797,31.18878125,30.76960403,31.04905551,4330461.0,1.0426,29.181552,6.779895,-22.631954,3.181499
2025-05-21,sh.605111,30.94925141,31.36842863,30.6398587,31.06901633,5655972.0,1.3618,29.200312,6.784254,-22.646503,3.183544
2025-05-22,sh.605111,31.05903592,31.5380956,30.69974116,30.77958444,6147060.0,1.48,28.928288,6.721053,-22.435534,3.153887
2025-05-23,sh.605111,30.77958444,30.87938854,30.3404464,30.3404464,5397269.0,1.2995,28.515563,6.625163,-22.115442,3.10889
2025-05-26,sh.605111,30.18075984,31.12889879,30.18075984,30.7396628,7210075.0,1.736,28.890768,6.712336,-22.406434,3.149796
2025-05-27,sh.605111,30.66979993,30.66979993,30.1408382,30.23066189,4933750.0,1.1879,28.412382,6.60119,-22.035419,3.09764
2025-05-28,sh.605111,30.29054435,30.57997624,30.2406423,30.28056394,3228807.0,0.7774,28.459283,6.612087,-22.071793,3.102754
2025-05-29,sh.605111,30.4402505,30.86940813,30.32048558,30.85942772,4750524.0,1.1438,29.003329,6.738488,-22.493732,3.162068
2025-05-30,sh.605111,30.85942772,30.85942772,30.2406423,30.29054435,4816982.0,1.1598,28.468663,6.614266,-22.079068,3.103776
2025-06-03,sh.605111,30.32048558,30.70972157,30.19074025,30.46021132,4190823.0,1.009,28.628125,6.651315,-22.20274,3.121162
2025-06-04,sh.605111,30.59993706,30.76960403,30.46021132,30.7396628,3748006.0,0.9024,28.890768,6.712336,-22.406434,3.149796
2025-06-05,sh.605111,30.68976075,31.65786052,30.64983911,31.27860494,6661664.0,1.6039,29.397294,6.83002,-22.799275,3.20502
2025-06-06,sh.605111,31.28858535,31.47821314,30.97919264,31.26862453,4513992.0,1.0868,29.387914,6.827841,-22.792,3.203997
2025-06-09,sh.605111,31.29856576,31.40835027,31.09895756,31.25864412,4542861.0,1.0938,29.378534,6.825661,-22.784725,3.202975
2025-06-10,sh.605111,31.28858535,31.32850699,30.5400546,30.69974116,5521892.0,1.3295,28.853248,6.703619,-22.377335,3.145706
2025-06-11,sh.605111,30.7396628,31.0390751,30.69974116,30.85942772,3777929.0,0.9096,29.003329,6.738488,-22.493732,3.162068
2025-06-12,sh.605111,30.8394669,30.8394669,30.48017214,30.56999583,4003682.0,0.964,28.731306,6.675287,-22.282763,3.132411
2025-06-13,sh.605111,30.45,30.57,29.71,29.76,7613907.0,1.8332,27.915236,6.485686,-21.649854,3.043439
2025-06-16,sh.605111,29.7,29.94,29.53,29.87,3423400.0,0.8243,28.018417,6.509658,-21.729877,3.054689
2025-06-17,sh.605111,29.98,29.98,29.63,29.87,3831109.0,0.9224,28.018417,6.509658,-21.729877,3.054689
2025-06-18,sh.605111,29.75,30.1,29.62,29.96,5369038.0,1.2927,28.102838,6.529272,-21.79535,3.063893
2025-06-19,sh.605111,29.75,30.29,29.62,29.73,6045406.0,1.4556,27.887095,6.479148,-21.628029,3.040371
2025-06-20,sh.605111,29.7,29.9,29.24,29.24,5818194.0,1.4009,27.427469,6.372361,-21.271563,2.990261
2025-06-23,sh.605111,29.11,29.73,28.99,29.48,4801025.0,1.1559,27.652592,6.424664,-21.446159,3.014805
2025-06-24,sh.605111,29.54,30.3,29.54,30.3,6786071.0,1.6339,28.421762,6.60337,-22.042694,3.098663
2025-06-25,sh.605111,30.3,30.6,30.13,30.57,6782865.0,1.6331,28.675025,6.662211,-22.239114,3.126275
2025-06-26,sh.605111,30.63,30.74,30.3,30.32,5550800.0,1.3365,28.440522,6.607728,-22.057243,3.100708
2025-06-27,sh.605111,30.5,30.85,30.45,30.55,6065286.0,1.4603,28.656265,6.657853,-22.224564,3.12423
2025-06-30,sh.605111,30.62,30.9,30.55,30.74,5653254.0,1.3611,28.834487,6.69926,-22.362786,3.14366
2025-07-01,sh.605111,30.7,31.06,30.46,30.85,6682978.0,1.6091,28.937669,6.723233,-22.442809,3.154909
2025-07-02,sh.605111,30.9,31.44,30.45,31.02,8528833.0,2.0535,29.097131,6.760281,-22.56648,3.172295
2025-07-03,sh.605111,30.95,31.09,30.65,30.86,6246058.0,1.5039,28.947049,6.725412,-22.450083,3.155932
2025-07-04,sh.605111,30.89,30.97,30.47,30.53,5103626.0,1.2288,28.637505,6.653494,-22.210014,3.122184
2025-07-07,sh.605111,30.47,30.55,30.3,30.34,3729561.0,0.898,28.459283,6.612087,-22.071793,3.102754
2025-07-08,sh.605111,30.43,30.92,30.4,30.9,6711125.0,1.6158,28.984569,6.734129,-22.479183,3.160023
2025-07-09,sh.605111,30.92,30.95,30.56,30.61,5295974.0,1.2751,28.712546,6.670929,-22.268213,3.130366
2025-07-10,sh.605111,30.54,30.94,30.53,30.76,5317682.0,1.2803,28.853248,6.703619,-22.377335,3.145706
2025-07-11,sh.605111,30.78,31.15,30.64,31.05,6635760.0,1.5977,29.125271,6.766819,-22.588305,3.175363
2025-07-14,sh.605111,31.15,31.35,31.0,31.0,5108536.0,1.23,29.07837,6.755923,-22.551931,3.170249
2025-07-15,sh.605111,30.91,31.18,30.67,30.97,5263411.0,1.2673,29.05023,6.749385,-22.530106,3.167181
2025-07-16,sh.605111,31.05,31.35,30.88,31.04,5713171.0,1.3756,29.115891,6.76464,-22.58103,3.17434
2025-07-17,sh.605111,30.98,31.39,30.85,31.38,6864836.0,1.6529,29.434815,6.838737,-22.828374,3.209111
2025-07-18,sh.605111,31.55,31.7,31.36,31.6,7042468.0,1.6956,29.641178,6.886682,-22.98842,3.231609
2025-07-21,sh.605111,31.55,31.63,31.35,31.49,5522230.0,1.3296,29.537996,6.86271,-22.908397,3.22036
2025-07-22,sh.605111,31.5,31.62,31.31,31.6,6854461.0,1.6504,29.641178,6.886682,-22.98842,3.231609
2025-07-23,sh.605111,31.51,31.74,31.28,31.33,7931735.0,1.9097,29.387914,6.827841,-22.792,3.203997
2025-07-24,sh.605111,31.31,32.38,31.3,32.12,12398969.0,2.9853,30.128944,7.000008,-23.36671,3.284787
2025-07-25,sh.605111,32.18,32.46,31.92,32.18,9130418.0,2.1983,30.185224,7.013084,-23.410359,3.290923
2025-07-28,sh.605111,32.38,32.49,32.04,32.19,6859664.0,1.6516,30.194605,7.015263,-23.417634,3.291946
2025-07-29,sh.605111,32.08,32.99,32.01,32.79,11754472.0,2.8301,30.757412,7.146023,-23.854123,3.353306
2025-07-30,sh.605111,32.79,33.02,32.22,32.57,10224896.0,2.4619,30.551049,7.098077,-23.694077,3.330807
2025-07-31,sh.605111,32.39,32.76,31.86,31.99,9422720.0,2.2687,30.007002,6.971676,-23.272138,3.271493
2025-08-01,sh.605111,31.99,32.74,31.88,32.2,7645374.0,1.8408,30.203985,7.017442,-23.424909,3.292969
2025-08-04,sh.605111,32.06,32.34,31.91,32.24,5354893.0,1.2893,30.241505,7.02616,-23.454008,3.297059
2025-08-05,sh.605111,32.36,32.47,32.1,32.4,5672099.0,1.3657,30.391587,7.061029,-23.570405,3.313422
2025-08-06,sh.605111,32.35,32.7,32.15,32.64,7399351.0,1.7815,30.61671,7.113333,-23.745001,3.337966
2025-08-07,sh.605111,32.64,33.84,32.58,33.21,22705592.0,5.4668,31.151377,7.237555,-24.159665,3.396257
2025-08-08,sh.605111,33.21,33.29,32.6,32.93,11908321.0,2.8672,30.888733,7.176533,-23.95597,3.367623
2025-08-11,sh.605111,32.79,33.67,32.78,33.35,11829221.0,2.8481,31.282698,7.268065,-24.261513,3.410575
2025-08-12,sh.605111,33.43,34.14,33.14,33.86,16960797.0,4.0837,31.761085,7.379211,-24.632528,3.46273
2025-08-13,sh.605111,34.0,34.15,33.65,34.0,15121229.0,3.6408,31.892406,7.409722,-24.734376,3.477048
2025-08-14,sh.605111,34.0,34.29,33.22,33.22,16836475.0,4.0537,31.160757,7.239734,-24.16694,3.39728
2025-08-15,sh.605111,33.08,35.1,33.08,34.93,23757072.0,5.72,32.764757,7.612399,-25.410934,3.572155
2025-08-18,sh.605111,35.17,35.24,34.5,34.68,20413705.0,4.915,32.530254,7.557916,-25.229063,3.546589
2025-08-19,sh.605111,34.58,34.84,34.01,34.4,13843862.0,3.3332,32.267611,7.496895,-25.025368,3.517954
2025-08-20,sh.605111,34.5,35.2,34.13,34.9,18254001.0,4.395,32.065416,7.691189,20.270353,3.482767
2025-08-21,sh.605111,34.9,35.48,34.36,34.55,15429456.0,3.715,31.743843,7.614057,20.067069,3.44784
2025-08-22,sh.605111,34.5,35.42,34.44,35.22,19675849.0,4.7374,32.359426,7.76171,20.456213,3.514701
2025-08-25,sh.605111,35.58,35.94,34.82,35.09,21622086.0,5.206,32.239984,7.733061,20.380708,3.501728
2025-08-26,sh.605111,35.01,35.46,34.65,35.11,15276386.0,3.6781,32.25836,7.737468,20.392324,3.503724
2025-08-27,sh.605111,35.11,36.33,34.8,34.8,29557101.0,7.1165,31.973538,7.669151,20.212272,3.472788
2025-08-28,sh.605111,34.7,35.6,34.4,35.52,25504215.0,6.1407,32.63506,7.827823,20.630457,3.544639
2025-08-29,sh.605111,35.55,35.55,34.7,34.93,16698294.0,4.0205,32.092979,7.6978,20.287778,3.485761
2025-09-01,sh.605111,35.29,35.88,34.92,35.29,17669339.0,4.2543,32.42374,7.777136,20.49687,3.521687
2025-09-02,sh.605111,35.44,35.82,33.89,34.14,20490306.0,4.9335,31.367143,7.523702,19.828936,3.406925
2025-09-03,sh.605111,34.25,34.63,33.5,33.58,14908674.0,3.5896,30.852627,7.40029,19.503681,3.351041
2025-09-04,sh.605111,33.69,34.02,32.29,32.85,15544710.0,3.7427,30.181917,7.239414,19.079688,3.278192
2025-09-05,sh.605111,32.85,34.4,32.77,34.39,16970013.0,4.0859,31.596838,7.578796,19.974139,3.431873
2025-09-08,sh.605111,34.58,34.78,33.98,34.43,11501505.0,2.7692,31.63359,7.587611,19.997371,3.435865
2025-09-09,sh.605111,34.2,34.2,33.34,33.52,10381227.0,2.4995,30.7975,7.387067,19.468832,3.345053
2025-09-10,sh.605111,33.1,33.43,32.81,33.01,11995049.0,2.8881,30.328922,7.274675,19.172618,3.294159
2025-09-11,sh.605111,32.86,33.89,32.64,33.88,12414426.0,2.989,31.128261,7.466403,19.677925,3.380979
2025-09-12,sh.605111,33.85,34.37,33.65,34.02,13138609.0,3.1634,31.25689,7.497256,19.759238,3.39495
2025-09-15,sh.605111,35.16,35.37,34.09,34.2,15909855.0,3.8306,31.42227,7.536924,19.863785,3.412913
2025-09-16,sh.605111,34.0,34.45,33.87,34.1,9951467.0,2.396,31.330392,7.514886,19.805703,3.402933
2025-09-17,sh.605111,34.3,34.65,33.83,34.52,11615136.0,2.7966,31.71628,7.607445,20.049645,3.444846
2025-09-18,sh.605111,34.51,35.8,34.3,34.72,28017308.0,6.7458,31.900036,7.651521,20.165807,3.464805
2025-09-19,sh.605111,34.94,35.38,34.35,34.5,16116178.0,3.8803,31.697904,7.603038,20.038028,3.44285
2025-09-22,sh.605111,34.5,34.89,34.09,34.71,13351736.0,3.2147,31.890848,7.649317,20.159999,3.463807
2025-09-23,sh.605111,34.51,34.71,33.44,34.51,14675287.0,3.5334,31.707092,7.605241,20.043836,3.443848
2025-09-24,sh.605111,34.37,36.07,34.28,36.02,34500346.0,8.3067,33.09445,7.938012,20.920863,3.594535
2025-09-25,sh.605111,35.9,36.19,35.6,35.68,18160040.0,4.3724,32.782064,7.863084,20.723387,3.560606
2025-09-26,sh.605111,35.52,36.51,35.45,35.85,22411016.0,5.3959,32.938257,7.900548,20.822125,3.577571
2025-09-29,sh.605111,35.82,35.91,35.14,35.57,16388432.0,3.9459,32.680999,7.838842,20.659498,3.549629
2025-09-30,sh.605111,35.62,36.19,35.62,36.05,17706791.0,4.2633,33.122013,7.944623,20.938288,3.597529
2025-10-09,sh.605111,36.3,37.4,36.07,37.22,29440557.0,7.0884,34.196985,8.202466,21.617838,3.714287
2025-10-10,sh.605111,36.68,36.88,35.6,35.71,22431104.0,5.4008,32.809628,7.869695,20.740811,3.5636
2025-10-13,sh.605111,34.22,39.2,34.21,37.99,45289745.0,10.9045,34.904446,8.372156,22.065064,3.791127
2025-10-14,sh.605111,38.08,38.35,36.23,36.48,30396172.0,7.3185,33.517088,8.039386,21.188037,3.64044
2025-10-15,sh.605111,39.4,40.13,38.69,40.13,92032036.0,22.1586,36.870635,8.843765,23.308002,4.004684
2025-10-16,sh.605111,40.0,42.14,39.65,40.37,83738392.0,20.1618,37.091142,8.896656,23.447397,4.028634
2025-10-17,sh.605111,40.03,41.59,38.8,39.0,54096456.0,13.0249,35.832413,8.594738,22.651684,3.891918
2025-10-20,sh.605111,40.5,42.7,40.31,40.83,62746485.0,15.1075,37.513781,8.99803,23.714571,4.074539
2025-10-21,sh.605111,40.81,41.0,38.8,39.11,54279854.0,13.069,35.933479,8.61898,22.715574,3.902895
2025-10-22,sh.605111,38.11,38.5,36.19,37.27,41644959.0,10.0269,34.242924,8.213484,21.646879,3.719276
2025-10-23,sh.605111,36.89,37.0,35.68,36.31,26631411.0,6.4121,33.360896,8.001922,21.089299,3.623475
2025-10-24,sh.605111,36.4,38.79,36.4,38.11,42245279.0,10.1714,35.014699,8.398602,22.134761,3.803102
2025-10-27,sh.605111,38.5,38.68,37.41,38.1,28343265.0,6.8242,35.005512,8.396398,22.128953,3.802104
2025-10-28,sh.605111,37.14,37.99,36.72,37.66,26733221.0,6.4366,35.801905,8.417939,62.572387,3.669898
2025-10-29,sh.605111,37.5,37.78,36.9,37.63,21237279.0,5.1133,35.773385,8.411234,62.522542,3.666974
2025-10-30,sh.605111,37.49,40.18,37.36,38.69,44852190.0,10.7991,36.781086,8.64817,64.28374,3.770269
2025-10-31,sh.605111,38.05,38.66,37.5,37.54,27172387.0,6.5423,35.687826,8.391116,62.373006,3.658204
2025-11-03,sh.605111,37.46,37.52,36.28,37.14,20537619.0,4.9449,35.307561,8.301706,61.708403,3.619225
2025-11-04,sh.605111,36.98,37.18,35.83,36.09,19127707.0,4.6054,34.309367,8.067006,59.96382,3.516904
2025-11-05,sh.605111,35.5,36.65,35.38,36.25,15183047.0,3.6556,34.461473,8.102769,60.229661,3.532496
2025-11-06,sh.605111,36.38,37.81,35.95,37.33,24643106.0,5.9333,35.488187,8.344176,62.024089,3.63774
2025-11-07,sh.605111,36.8,38.9,36.27,38.82,34701616.0,8.3551,36.904672,8.677228,64.499736,3.782937
2025-11-10,sh.605111,38.87,40.17,37.82,39.45,46273955.0,11.1414,37.503589,8.818048,65.546486,3.84433
2025-11-11,sh.605111,39.16,39.29,37.8,37.8,26540984.0,6.3903,35.934998,8.449233,62.804998,3.68354
2025-11-12,sh.605111,37.5,38.07,36.6,37.53,23637143.0,5.6911,35.678319,8.388881,62.356391,3.657229
2025-11-13,sh.605111,37.5,38.6,37.27,38.15,29168279.0,7.0229,36.267729,8.527466,63.386526,3.717647
2025-11-14,sh.605111,37.51,38.15,36.53,37.45,23558695.0,5.6722,35.602266,8.370999,62.22347,3.649434
2025-11-17,sh.605111,37.18,38.5,37.08,38.13,24890612.0,5.9929,36.248716,8.522996,63.353296,3.715698
2025-11-18,sh.605111,38.08,38.8,37.76,37.85,18391222.0,4.4281,35.982531,8.460409,62.888073,3.688413
2025-11-19,sh.605111,37.7,37.9,36.38,36.72,16211109.0,3.9032,34.908284,8.207826,61.01057,3.578296
2025-11-20,sh.605111,36.95,37.2,35.63,35.65,14737370.0,3.5483,33.891076,7.968655,59.232756,3.474027
2025-11-21,sh.605111,35.2,35.37,34.2,34.23,14531293.0,3.4987,32.541137,7.65125,56.873415,3.33565
2025-11-24,sh.605111,34.3,34.6,33.89,34.44,8406050.0,2.0239,32.740776,7.69819,57.222332,3.356115
2025-11-25,sh.605111,34.69,35.19,34.41,34.77,9477638.0,2.2819,33.054494,7.771953,57.770629,3.388272
2025-11-26,sh.605111,34.6,34.95,34.4,34.47,6866913.0,1.6534,32.769296,7.704896,57.272177,3.359038
2025-11-27,sh.605111,34.55,35.13,34.39,34.41,7768312.0,1.8704,32.712256,7.691484,57.172486,3.353191
2025-11-28,sh.605111,34.41,34.82,34.32,34.64,5832611.0,1.4043,32.930908,7.742895,57.554633,3.375604
2025-12-01,sh.605111,34.68,34.94,34.45,34.85,8967845.0,2.1592,33.130547,7.789835,57.90355,3.396068
2025-12-02,sh.605111,34.76,34.76,33.99,34.0,10166203.0,2.4477,32.322485,7.599839,56.491268,3.313237
2025-12-03,sh.605111,33.95,34.28,33.5,34.15,10199462.0,2.4557,32.465084,7.633368,56.740494,3.327855
2025-12-04,sh.605111,34.14,34.14,33.55,33.77,7088199.0,1.7066,32.103833,7.548428,56.109121,3.290824
2025-12-05,sh.605111,33.77,34.15,33.41,34.05,6394084.0,1.5395,32.370018,7.611015,56.574343,3.31811
2025-12-08,sh.605111,34.08,34.58,34.08,34.5,9076798.0,2.1854,32.797815,7.711601,57.322022,3.361961
2025-12-09,sh.605111,34.26,34.55,33.87,33.88,7421343.0,1.7868,32.208405,7.573016,56.291887,3.301544
2025-12-10,sh.605111,33.68,34.1,33.55,33.95,6272257.0,1.5102,32.274952,7.588663,56.408193,3.308365
2025-12-11,sh.605111,33.96,34.04,33.04,33.04,7846700.0,1.8893,31.40985,7.385255,54.896221,3.219687
2025-12-12,sh.605111,33.1,33.74,32.92,33.54,8122484.0,1.9557,31.885181,7.497018,55.726974,3.268411
2025-12-15,sh.605111,33.25,33.62,33.16,33.17,5214757.0,1.2556,31.533436,7.414313,55.112217,3.232355
2025-12-16,sh.605111,33.14,33.23,32.45,32.66,7255485.0,1.7469,31.048599,7.300316,54.264848,3.182657
2025-12-17,sh.605111,32.6,33.5,32.32,33.49,7981137.0,1.9216,31.837648,7.485841,55.643899,3.263539
2025-12-18,sh.605111,33.2,33.55,32.91,33.47,8331559.0,2.006,31.818634,7.481371,55.610669,3.26159
2025-12-19,sh.605111,33.44,33.7,33.33,33.58,7310873.0,1.7602,31.923207,7.505959,55.793435,3.272309
2025-12-22,sh.605111,33.65,34.08,33.65,33.98,7488622.0,1.803,32.303472,7.595368,56.458038,3.311288
2025-12-23,sh.605111,33.88,34.09,33.48,33.6,6805062.0,1.6385,31.94222,7.510429,55.826665,3.274258
2025-12-24,sh.605111,33.68,34.38,33.66,34.22,8111013.0,1.9529,32.53163,7.649014,56.8568,3.334676
2025-12-25,sh.605111,34.0,34.76,34.0,34.45,6968667.0,1.6779,32.750282,7.700425,57.238947,3.357089
2025-12-26,sh.605111,34.37,34.8,34.33,34.5,8770244.0,2.1116,32.797815,7.711601,57.322022,3.361961
2025-12-29,sh.605111,35.44,37.22,35.44,36.34,34698383.0,8.3544,34.547032,8.122887,60.379197,3.541266
2025-12-30,sh.605111,36.66,37.77,36.16,36.74,19736954.0,4.7521,34.927297,8.212297,61.0438,3.580245
2025-12-31,sh.605111,36.93,37.1,35.69,35.73,14267275.0,3.4351,33.967129,7.986537,59.365677,3.481823
2026-01-05,sh.605111,36.0,36.5,35.89,36.27,12969378.0,3.1226,34.480486,8.10724,60.262891,3.534445
2026-01-06,sh.605111,36.28,36.97,36.11,36.95,16982132.0,4.0888,35.126936,8.259237,61.392716,3.600709
2026-01-07,sh.605111,37.28,37.66,36.98,37.21,19503561.0,4.6959,35.374108,8.317353,61.824708,3.626046
2026-01-08,sh.605111,36.92,37.45,36.8,37.07,13211534.0,3.181,35.241015,8.28606,61.592097,3.612403
2026-01-09,sh.605111,36.88,37.75,36.73,37.35,15316958.0,3.6879,35.5072,8.348647,62.05732,3.639689
2026-01-12,sh.605111,37.25,37.48,36.81,37.48,17154555.0,4.1303,35.630786,8.377705,62.273316,3.652357
2026-01-13,sh.605111,37.49,37.5,36.02,36.17,17625227.0,4.2436,34.38542,8.084888,60.09674,3.5247
2026-01-14,sh.605111,36.17,36.97,35.73,36.19,16955635.0,4.0824,34.404433,8.089358,60.12997,3.526649
2026-01-15,sh.605111,36.0,36.93,35.93,36.86,14478656.0,3.486,35.041376,8.23912,61.243181,3.591939
2026-01-16,sh.605111,37.08,37.76,36.98,37.46,18892569.0,4.5488,35.611773,8.373234,62.240085,3.650408
2026-01-19,sh.605111,37.88,38.43,37.7,37.76,20484419.0,4.9321,35.896971,8.440292,62.738538,3.679642
2026-01-20,sh.605111,37.74,38.95,37.57,38.48,25574119.0,6.1575,36.581448,8.60123,63.934823,3.749805
2026-01-21,sh.605111,38.1,38.97,38.03,38.6,18649867.0,4.4903,36.695527,8.628052,64.134204,3.761499
2026-01-22,sh.605111,39.0,42.46,38.81,42.45,61126080.0,14.7174,40.355573,9.488622,70.53101,4.136674
2026-01-23,sh.605111,42.32,43.18,41.06,42.8,44982595.0,10.8305,40.688304,9.566856,71.112538,4.170781
2026-01-26,sh.605111,42.79,45.64,42.72,43.21,39032241.0,9.3978,41.078076,9.658501,71.793756,4.210735
2026-01-27,sh.605111,43.14,46.69,42.6,46.32,43584601.0,10.4939,44.034632,10.353663,76.961045,4.513799
2026-01-28,sh.605111,47.6,50.88,47.5,48.47,50682748.0,12.2029,46.078554,10.834241,80.533287,4.723312
2026-01-29,sh.605111,49.0,49.5,46.0,46.16,46565826.0,11.2117,43.882526,10.317899,76.695204,4.498207
2026-01-30,sh.605111,45.8,46.96,43.95,46.07,28088457.0,6.7629,43.796967,10.297782,76.545668,4.489437
2026-02-02,sh.605111,45.9,46.85,43.86,43.9,22175564.0,5.3392,41.734032,9.812733,72.940196,4.277974
2026-02-03,sh.605111,44.57,44.9,43.54,44.12,18728000.0,4.5092,41.943177,9.861909,73.305728,4.299413
2026-02-04,sh.605111,43.55,43.6,42.55,43.2,16631514.0,4.0044,41.068569,9.656266,71.777141,4.20976
2026-02-05,sh.605111,42.86,46.55,41.47,45.72,40361854.0,9.718,43.464235,10.219548,75.964141,4.45533
2026-02-06,sh.605111,44.69,45.85,44.16,45.01,24497752.0,5.8983,42.789266,10.060846,74.78447,4.386142
2026-02-09,sh.605111,46.16,46.39,44.2,45.38,23961314.0,5.7692,43.141011,10.14355,75.399228,4.422197
2026-02-10,sh.605111,45.8,46.2,44.4,44.5,12081649.0,2.9089,42.304429,9.946848,73.937101,4.336443
2026-02-11,sh.605111,44.4,45.74,44.08,44.63,15655107.0,3.7693,42.428015,9.975906,74.153097,4.349111
2026-02-12,sh.605111,44.71,48.67,44.71,47.67,26061072.0,6.2747,45.318025,10.655421,79.204081,4.645354
2026-02-13,sh.605111,46.78,47.9,46.22,47.15,19592427.0,4.7173,44.823681,10.539188,78.340097,4.594681
2026-02-24,sh.605111,47.91,47.98,45.83,46.59,15047921.0,3.6231,44.291311,10.414015,77.409652,4.54011
2026-02-25,sh.605111,46.98,48.6,46.88,47.6,21695672.0,5.2237,45.251479,10.639775,79.087775,4.638532
2026-02-26,sh.605111,47.65,49.0,47.41,48.91,37102831.0,8.9333,46.496845,10.932592,81.264351,4.766189
2026-02-27,sh.605111,47.99,47.99,46.44,47.67,27392897.0,6.5954,45.318025,10.655421,79.204081,4.645354
2026-03-02,sh.605111,46.0,47.45,46.0,46.1,20942609.0,5.0424,43.825487,10.304488,76.595514,4.49236
2026-03-03,sh.605111,46.11,46.9,42.84,42.96,24080317.0,5.7978,40.84041,9.60262,71.378379,4.186373
2026-03-04,sh.605111,41.7,43.7,41.43,42.14,15255589.0,3.6731,40.060868,9.41933,70.015942,4.106465
2026-03-05,sh.605111,43.1,43.42,41.4,41.95,14563250.0,3.5064,39.880242,9.37686,69.700256,4.08795
2026-03-06,sh.605111,41.54,42.42,41.43,41.78,9964997.0,2.3993,39.71863,9.338861,69.417799,4.071384
2026-03-09,sh.605111,40.93,41.7,39.2,41.63,16039785.0,3.8619,39.576031,9.305332,69.168573,4.056767
2026-03-10,sh.605111,42.48,43.41,42.39,43.22,14261402.0,3.4337,41.087582,9.660736,71.810371,4.211709
2026-03-11,sh.605111,43.3,43.78,42.69,43.32,11491861.0,2.7669,41.182648,9.683089,71.976522,4.221454
2026-03-12,sh.605111,43.0,44.22,42.4,42.78,11329868.0,2.7279,40.669291,9.562386,71.079307,4.168832
2026-03-13,sh.605111,42.61,42.85,41.28,41.32,10446738.0,2.5153,39.281326,9.23604,68.653506,4.026558
2026-03-16,sh.605111,41.58,42.97,40.7,42.91,13901585.0,3.3471,40.792877,9.591444,71.295303,4.1815
2026-03-17,sh.605111,43.26,43.3,41.13,41.22,9379442.0,2.2583,39.18626,9.213687,68.487355,4.016813
